1.0  1058.0
2.0  1386.0
3.0  1664.0
4.0  1262.0
5.0  1354.0
6.0  1642.0
7.0  1665.0
8.0  1650.0
9.0  1628.0
10.0  1625.0
11.0  1656.0
12.0  1624.0
13.0  1828.0
14.0  2062.0
15.0  1490.0
16.0  1476.0
17.0  1656.0
18.0  1860.0
19.0  1658.0
20.0  1859.0
21.0  1649.0
22.0  2053.0
23.0  2106.0
24.0  2115.0
25.0  1498.0
26.0  2065.0
27.0  2100.0
28.0  2059.0
29.0  2068.0
30.0  1918.0
31.0  2047.0
32.0  1706.0
33.0  2533.0
34.0  1839.0
35.0  1854.0
36.0  1869.0
37.0  2057.0
38.0  2883.0
39.0  1867.0
40.0  1843.0
41.0  1852.0
42.0  2046.0
43.0  2035.0
44.0  2040.0
45.0  2060.0
46.0  2070.0
47.0  2072.0
48.0  2069.0
49.0  2060.0
50.0  2074.0
51.0  2251.0
52.0  2068.0
53.0  2047.0
54.0  2070.0
55.0  2032.0
56.0  2063.0
57.0  2070.0
58.0  2198.0
59.0  2196.0
60.0  2648.0
61.0  2072.0
62.0  2067.0
63.0  2096.0
64.0  2246.0
65.0  2268.0
66.0  2266.0
67.0  2264.0
68.0  2244.0
69.0  2262.0
70.0  2261.0
71.0  2264.0
72.0  2273.0
73.0  2267.0
74.0  2470.0
75.0  2243.0
76.0  2263.0
77.0  2235.0
78.0  2111.0
79.0  2662.0
80.0  2267.0
81.0  2656.0
82.0  2661.0
83.0  2647.0
84.0  2031.0
85.0  2049.0
86.0  2645.0
87.0  2059.0
88.0  2071.0
89.0  2664.0
90.0  2056.0
91.0  2067.0
92.0  2272.0
93.0  4042.0
94.0  4049.0
95.0  4031.0
96.0  4224.0
97.0  4052.0
98.0  4060.0
99.0  4069.0
100.0  4037.0
100.0  4044.0
