1.0  247.49120000000005
2.0  1005.8293600668336
3.0  1175.471905274469
4.0  1293.270944867098
5.0  1421.6816549262705
6.0  1571.3716114416775
7.0  1646.6425820481256
8.0  1669.973624859206
9.0  1905.26068060106
10.0  1844.4786197394412
11.0  1075.2461229436922
12.0  1350.5249285916102
13.0  1611.9640682600002
14.0  1513.9096737777652
15.0  1703.6847132877622
16.0  1725.9078221487791
17.0  1808.485645175602
18.0  2099.201728449815
19.0  1582.8064211713677
20.0  1897.924796530872
21.0  1851.7719194596589
22.0  1565.891220633867
23.0  1597.1166423591023
24.0  1736.390447198452
25.0  1547.9341891562844
26.0  1499.559299582849
27.0  1520.737637736943
28.0  1262.4482593754476
29.0  1455.5618088809074
30.0  1492.4779143172602
31.0  1435.4972396879982
32.0  1545.8883508543977
33.0  1604.7747497639307
34.0  1618.2937941718205
35.0  1547.9132253439716
36.0  1526.0560213656581
37.0  1662.7999084619778
38.0  1966.797811474402
39.0  1955.4868681562907
40.0  2031.8744183981087
41.0  2425.767368653727
42.0  2414.1118523637033
43.0  2954.5329707603
44.0  2553.384126173147
45.0  2763.908758583821
46.0  2796.247686743451
47.0  2598.6039389167036
48.0  2499.3988031454664
49.0  2412.267927780446
50.0  2534.8559147538617
51.0  2291.356997764723
52.0  2091.75515949288
53.0  2140.0476989540257
54.0  2352.7559728988463
55.0  2144.2636582225955
56.0  1869.349075895552
57.0  1903.445124585309
58.0  1630.570409140152
59.0  1799.3121826148392
60.0  2239.879522899891
61.0  2358.080305993731
62.0  2669.8337793163287
63.0  3175.014262071862
64.0  3063.5630162154143
65.0  3392.3578283543015
66.0  3610.010665376224
67.0  3366.1416564814253
68.0  3499.247707904184
69.0  3566.0577729851843
70.0  3098.8847677486738
71.0  2888.418990171579
72.0  2577.9713321975128
73.0  2652.9681718080437
74.0  2322.291833738131
75.0  2501.247589345494
76.0  2274.349300539531
77.0  2410.2955136334613
78.0  2698.257320569733
79.0  2798.8936016703547
80.0  3339.4256541872483
81.0  3159.343887590707
82.0  3313.339241149239
83.0  2717.2396280122744
84.0  2981.6640223185245
85.0  2407.5266230609705
86.0  3488.9228593681996
87.0  3745.463718263295
88.0  3436.1151265422977
89.0  3077.3249496570756
90.0  3608.8317162397598
91.0  3605.967145758184
92.0  3795.8729747949706
93.0  4429.752163856096
94.0  4248.307347340756
95.0  4696.271215459604
96.0  4656.658853155442
97.0  3529.170523769784
98.0  3505.073376893372
99.0  3274.294416056773
100.0  2823.969198385694
100.0  2879.811438757346
