1.0  193.45920000000004
2.0  807.904760843022
3.0  1078.5881171594506
4.0  1202.8590712187279
5.0  1296.770683931444
6.0  1473.6511562015457
7.0  1693.1728381073829
8.0  1785.7017104010056
9.0  1916.2446284326036
10.0  2398.3476145026384
11.0  1519.1256451767044
12.0  1598.469081486705
13.0  1780.082818610764
14.0  2051.634664381947
15.0  2063.8960699787986
16.0  2029.1082607810868
17.0  1885.3547883309093
18.0  2067.8398439659422
19.0  1762.4312473950438
20.0  1918.770397434641
21.0  1836.286456941751
22.0  1628.8644417009873
23.0  2045.7808217877712
24.0  2153.602029428385
25.0  2115.4272943973665
26.0  1914.3609279638765
27.0  1654.4081111022263
28.0  1678.0979694413975
29.0  1704.3730530870089
30.0  1510.6317184459076
31.0  1851.338062999379
32.0  2069.440901902603
33.0  2035.442511582509
34.0  2287.694730817393
35.0  2448.6050930378947
36.0  2391.440170292875
37.0  2241.9644583915237
38.0  2044.3209089370816
39.0  2060.3680359474747
40.0  1656.639927171818
41.0  1717.5571834949592
42.0  1601.8805644693864
43.0  1617.451000716331
44.0  1528.5188314409634
45.0  1412.488680297314
46.0  1081.2252894199726
47.0  1563.8106332499558
48.0  1494.7259224713755
49.0  1794.453446138298
50.0  1562.882731447573
51.0  1566.5557310875297
52.0  1717.1433938017633
53.0  1901.0540610746373
54.0  1778.1725707961543
55.0  1613.0156600723965
56.0  1948.4879653576209
57.0  1908.838546293886
58.0  2123.45800582312
59.0  2003.7304772014734
60.0  2017.5541544040482
61.0  1977.4024714387317
62.0  2341.7942576954324
63.0  2659.3696140914753
64.0  2924.615640275102
65.0  3629.286155818541
66.0  3628.4933823780625
67.0  3743.527045014362
68.0  3460.54455014336
69.0  3416.9372982560094
70.0  3331.097820712597
71.0  3759.9058311062295
72.0  3576.434588181058
73.0  2770.831808801794
74.0  2508.033725691715
75.0  2381.4930665435927
76.0  2228.944900549946
77.0  2085.127642531507
78.0  2169.4931963045633
79.0  3200.4723667642825
80.0  3100.9503713803824
81.0  2825.2465376567943
82.0  3242.408481360885
83.0  3637.0477954467933
84.0  4120.889993189614
85.0  4255.404935234922
86.0  4096.307012061235
87.0  4085.025825163402
88.0  4602.133544478462
89.0  3782.131108661171
90.0  3809.549228281228
91.0  3264.4734404437895
92.0  3576.0005919340133
93.0  3104.6318876854752
94.0  3137.3069970662445
95.0  3274.164663211753
96.0  3386.0156577419716
97.0  3421.71840223967
98.0  3518.9485575660365
99.0  3187.808146556058
100.0  3296.978265267923
100.0  3811.3739932030635
