1.0  1135.0
2.0  1419.0
3.0  1580.0
4.0  1736.0
5.0  1600.0
6.0  1779.0
7.0  2241.0
8.0  4924.0
9.0  2177.0
10.0  5560.0
11.0  7655.0
12.0  8493.0
13.0  8656.0
14.0  8458.0
15.0  8055.0
16.0  8095.0
17.0  8286.0
18.0  8252.0
19.0  8296.0
20.0  8491.0
21.0  8678.0
22.0  8348.0
23.0  8890.0
24.0  8671.0
25.0  8863.0
26.0  8889.0
27.0  8515.0
28.0  8467.0
29.0  8352.0
30.0  8688.0
31.0  8879.0
32.0  8661.0
33.0  8667.0
34.0  8668.0
35.0  8494.0
36.0  8694.0
37.0  8785.0
38.0  8660.0
39.0  8494.0
40.0  8696.0
41.0  8289.0
42.0  8091.0
43.0  8080.0
44.0  8072.0
45.0  8123.0
46.0  8091.0
47.0  8093.0
48.0  8088.0
49.0  8135.0
50.0  8120.0
51.0  8477.0
52.0  8061.0
53.0  8294.0
54.0  8292.0
55.0  8288.0
56.0  8289.0
57.0  8290.0
58.0  8295.0
59.0  8307.0
60.0  8473.0
61.0  8478.0
62.0  8478.0
63.0  8478.0
64.0  8452.0
65.0  8296.0
66.0  8492.0
67.0  8296.0
68.0  8571.0
69.0  8296.0
70.0  8690.0
71.0  8461.0
72.0  8488.0
73.0  8482.0
74.0  8490.0
75.0  8491.0
76.0  8481.0
77.0  8479.0
78.0  8859.0
79.0  8653.0
80.0  8482.0
81.0  8490.0
82.0  8496.0
83.0  8491.0
84.0  8458.0
85.0  8261.0
86.0  8490.0
87.0  7485.0
88.0  7925.0
89.0  8068.0
90.0  8679.0
91.0  7911.0
92.0  7498.0
93.0  8055.0
94.0  8258.0
95.0  8273.0
96.0  8895.0
97.0  8459.0
98.0  8254.0
99.0  7714.0
100.0  7467.0
100.0  8448.0
