1.0  500.0
2.0  35.0
3.0  24.0
4.0  23.0
5.0  20.0
6.0  19.0
7.0  15.0
8.0  17.0
9.0  1.0
10.0  8.0
11.0  8.0
12.0  9.0
13.0  9.0
14.0  11.0
15.0  11.0
16.0  16.0
17.0  20.0
18.0  20.0
19.0  19.0
20.0  17.0
21.0  12.0
22.0  9.0
23.0  9.0
24.0  8.0
25.0  10.0
26.0  13.0
27.0  18.0
28.0  19.0
29.0  19.0
30.0  17.0
31.0  15.0
32.0  15.0
33.0  16.0
34.0  14.0
35.0  14.0
36.0  13.0
37.0  13.0
38.0  15.0
39.0  12.0
40.0  13.0
41.0  19.0
42.0  20.0
43.0  22.0
44.0  17.0
45.0  17.0
46.0  16.0
47.0  13.0
48.0  15.0
49.0  18.0
50.0  15.0
51.0  16.0
52.0  16.0
53.0  15.0
54.0  14.0
55.0  15.0
56.0  19.0
57.0  18.0
58.0  12.0
59.0  18.0
60.0  14.0
61.0  15.0
62.0  16.0
63.0  15.0
64.0  17.0
65.0  3.0
66.0  9.0
67.0  9.0
68.0  9.0
69.0  10.0
70.0  10.0
71.0  12.0
72.0  16.0
73.0  18.0
74.0  19.0
75.0  22.0
76.0  21.0
77.0  23.0
78.0  25.0
79.0  2.0
80.0  23.0
81.0  2.0
82.0  25.0
83.0  2.0
84.0  18.0
85.0  2.0
86.0  1.0
87.0  10.0
88.0  11.0
89.0  4.0
90.0  4.0
91.0  4.0
92.0  11.0
93.0  18.0
94.0  15.0
95.0  21.0
96.0  17.0
97.0  18.0
98.0  15.0
99.0  16.0
100.0  21.0
100.0  19.0
