1.0  500.0
2.0  26.0
3.0  21.0
4.0  22.0
5.0  19.0
6.0  16.0
7.0  14.0
8.0  16.0
9.0  17.0
10.0  13.0
11.0  12.0
12.0  13.0
13.0  17.0
14.0  14.0
15.0  20.0
16.0  22.0
17.0  24.0
18.0  22.0
19.0  20.0
20.0  16.0
21.0  17.0
22.0  20.0
23.0  20.0
24.0  19.0
25.0  23.0
26.0  20.0
27.0  6.0
28.0  4.0
29.0  8.0
30.0  10.0
31.0  18.0
32.0  27.0
33.0  40.0
34.0  50.0
35.0  40.0
36.0  17.0
37.0  4.0
38.0  25.0
39.0  14.0
40.0  29.0
41.0  48.0
42.0  68.0
43.0  75.0
44.0  81.0
45.0  91.0
46.0  99.0
47.0  104.0
48.0  113.0
49.0  111.0
50.0  119.0
51.0  111.0
52.0  104.0
53.0  103.0
54.0  102.0
55.0  96.0
56.0  101.0
57.0  98.0
58.0  99.0
59.0  108.0
60.0  113.0
61.0  104.0
62.0  109.0
63.0  109.0
64.0  105.0
65.0  106.0
66.0  117.0
67.0  116.0
68.0  112.0
69.0  121.0
70.0  114.0
71.0  114.0
72.0  117.0
73.0  111.0
74.0  111.0
75.0  103.0
76.0  102.0
77.0  101.0
78.0  102.0
79.0  104.0
80.0  105.0
81.0  102.0
82.0  104.0
83.0  103.0
84.0  106.0
85.0  103.0
86.0  109.0
87.0  116.0
88.0  112.0
89.0  103.0
90.0  107.0
91.0  105.0
92.0  101.0
93.0  102.0
94.0  99.0
95.0  98.0
96.0  99.0
97.0  94.0
98.0  94.0
99.0  85.0
100.0  95.0
100.0  92.0
