1.0  393.7296
2.0  3300.420287826584
3.0  2994.9299395282637
4.0  3479.312856629025
5.0  3655.212641005731
6.0  3725.214784036865
7.0  3993.736706434326
8.0  4411.140972007708
9.0  5879.896000000002
10.0  7512.528646565184
11.0  7875.93539557711
12.0  9148.001114486331
13.0  10307.965810775791
14.0  19223.063443435094
15.0  14028.234310495503
16.0  15999.492875593083
17.0  19347.610507714955
18.0  20503.353077116364
19.0  21331.41092236321
20.0  16476.22098619098
21.0  11298.440831165028
22.0  13676.791838536281
23.0  14440.940031726364
24.0  9938.14615063152
25.0  17616.05955926711
26.0  10525.675540618682
27.0  15318.86888531038
28.0  13174.015325030494
29.0  12383.154408187638
30.0  10911.240584482377
31.0  13050.330844388838
32.0  12400.349343861079
33.0  14879.637179192927
34.0  9500.375990884113
35.0  7808.533177387653
36.0  11304.829846482471
37.0  13081.695948701505
38.0  14153.251296239841
39.0  18497.056902008793
40.0  14575.073223015921
41.0  15480.339653298084
42.0  22193.891736021644
43.0  20514.35258389846
44.0  23713.78085453121
45.0  21468.8680727302
46.0  17938.841227479017
47.0  17553.552334664266
48.0  17622.70099613159
49.0  20407.623646968994
50.0  15874.234168419016
51.0  14925.465743172257
52.0  12582.8776778537
53.0  11768.810848089537
54.0  12205.319389397444
55.0  13858.269990767174
56.0  12698.753667458188
57.0  12673.620172959396
58.0  9265.374774610393
59.0  18368.012444580214
60.0  13594.389137893691
61.0  11257.597579640185
62.0  11904.123238820619
63.0  10804.025353298586
64.0  10341.563701374975
65.0  3424.061067838218
66.0  15170.61833647581
67.0  21105.076396317825
68.0  18809.745412231026
69.0  20801.895730216642
70.0  17090.7942210888
71.0  15213.021129815219
72.0  17822.56248294607
73.0  18395.356343836473
74.0  17656.28674623183
75.0  15254.065850061284
76.0  9904.1077914733
77.0  10353.0664931759
78.0  10047.103020774017
79.0  1048.63
80.0  11986.478227730731
81.0  993.0270541082165
82.0  15812.201116146112
83.0  1687.784372904091
84.0  15023.425210760332
85.0  1816.437751004016
86.0  1619.2189054726368
87.0  12764.216666666667
88.0  10762.078721943168
89.0  10464.309304825607
90.0  7755.599104091889
91.0  10276.346136754042
92.0  10738.177893188738
93.0  18084.093492889628
94.0  14940.174639690833
95.0  17408.78602016804
96.0  18219.431954933472
97.0  12236.640587421738
98.0  12830.927862295908
99.0  11294.270068081043
100.0  13432.450295181832
100.0  11227.884462929767
