1.0  2295.0
2.0  5357.0
3.0  5672.0
4.0  3912.0
5.0  5171.0
6.0  4398.0
7.0  6867.0
8.0  7136.0
9.0  7114.0
10.0  4344.0
11.0  4306.0
12.0  3906.0
13.0  6481.0
14.0  5601.0
15.0  4335.0
16.0  5142.0
17.0  4304.0
18.0  5371.0
19.0  5405.0
20.0  7271.0
21.0  7258.0
22.0  8664.0
23.0  8292.0
24.0  7488.0
25.0  7649.0
26.0  4976.0
27.0  4804.0
28.0  3753.0
29.0  2665.0
30.0  3997.0
31.0  5962.0
32.0  7295.0
33.0  7248.0
34.0  7256.0
35.0  7157.0
36.0  5280.0
37.0  5281.0
38.0  4017.0
39.0  4948.0
40.0  7254.0
41.0  6945.0
42.0  5392.0
43.0  6106.0
44.0  5916.0
45.0  5944.0
46.0  7126.0
47.0  7652.0
48.0  7101.0
49.0  7097.0
50.0  7101.0
51.0  7119.0
52.0  7250.0
53.0  6874.0
54.0  7053.0
55.0  7478.0
56.0  7676.0
57.0  7258.0
58.0  7663.0
59.0  7269.0
60.0  7274.0
61.0  7257.0
62.0  6888.0
63.0  7488.0
64.0  7135.0
65.0  7247.0
66.0  7466.0
67.0  7315.0
68.0  7690.0
69.0  7913.0
70.0  7489.0
71.0  7479.0
72.0  7077.0
73.0  7077.0
74.0  6914.0
75.0  7063.0
76.0  7469.0
77.0  7089.0
78.0  7104.0
79.0  7494.0
80.0  7467.0
81.0  6928.0
82.0  7953.0
83.0  7489.0
84.0  7487.0
85.0  7479.0
86.0  7449.0
87.0  7681.0
88.0  7486.0
89.0  7676.0
90.0  7685.0
91.0  7675.0
92.0  7489.0
93.0  7472.0
94.0  7854.0
95.0  7472.0
96.0  7104.0
97.0  7680.0
98.0  7220.0
99.0  7490.0
100.0  8054.0
100.0  8094.0
