1.0  345.82239999999996
2.0  2671.9895216548157
3.0  3406.604244267573
4.0  3580.1662978797044
5.0  4295.556720437468
6.0  4638.0326209942705
7.0  5468.63052461867
8.0  6424.078003411078
9.0  6993.277650828634
10.0  8207.306179385105
11.0  2664.434468040798
12.0  4177.947417022006
13.0  6611.042798297613
14.0  4129.397380011154
15.0  7026.01334095136
16.0  6575.093242466228
17.0  7119.434138039011
18.0  7420.131043755296
19.0  6357.573393577795
20.0  8132.508939248825
21.0  7662.979882033997
22.0  8074.086223288388
23.0  8030.062508160896
24.0  7903.349453423385
25.0  6404.56706830291
26.0  6802.030832864541
27.0  4939.317117722449
28.0  2419.0883561885607
29.0  5370.451848935347
30.0  6904.628479389723
31.0  6607.813521226117
32.0  7654.071559358558
33.0  8455.578666026831
34.0  8726.16431703089
35.0  8206.469467105191
36.0  7204.215136213778
37.0  2732.254479377958
38.0  7310.357366010634
39.0  5516.198375548802
40.0  6265.934872550571
41.0  7306.100969149956
42.0  7709.602755966029
43.0  7554.055922952678
44.0  8230.717511518047
45.0  8280.367412303973
46.0  8727.738141047666
47.0  9893.86671949845
48.0  8706.568828002772
49.0  9472.828905476903
50.0  8707.64208460396
51.0  8509.028901602096
52.0  7817.421342935596
53.0  9245.268656187394
54.0  9309.791990710815
55.0  9681.55597502035
56.0  9957.520477762066
57.0  10321.086800561498
58.0  9566.171017083461
59.0  9520.906381163422
60.0  10112.818132653972
61.0  9953.081065593458
62.0  10640.576391707471
63.0  11155.51009375945
64.0  10774.728726028057
65.0  11311.584856743535
66.0  10803.333616213049
67.0  11853.344587403773
68.0  10582.685332341269
69.0  10203.95636101272
70.0  10073.357566137565
71.0  10611.324063791959
72.0  10256.1195694986
73.0  10321.79261008562
74.0  10322.631028660839
75.0  10187.53736059463
76.0  9040.668675213674
77.0  10362.983149417509
78.0  11531.383001268887
79.0  11185.402575202575
80.0  12129.16129082744
81.0  11049.04219566556
82.0  11651.688744398154
83.0  14000.778803892974
84.0  12288.345154237799
85.0  13309.151621283303
86.0  13842.163932667214
87.0  12362.164324660014
88.0  14262.113645124718
89.0  13541.383156110345
90.0  15203.801568454042
91.0  15849.550312833053
92.0  16897.102023000625
93.0  15309.526146903207
94.0  15284.560235880463
95.0  16975.12475019312
96.0  14600.528048741384
97.0  15686.432115397607
98.0  15944.075667870353
99.0  16788.76425159997
100.0  16097.472779127313
100.0  15145.175276967504
