1 79.0
2 60.0
3 -396.0
4 -396.0
5 -400.0
6 -396.0
7 53.0
8 -396.0
9 -396.0
10 -396.0
11 -396.0
12 -396.0
13 -396.0
14 -379.0
15 -379.0
16 -396.0
17 -396.0
18 -396.0
19 -396.0
20 -396.0
21 -396.0
22 -396.0
23 -396.0
24 63.0
25 -396.0
26 -396.0
27 -396.0
28 -400.0
29 -400.0
30 -396.0
31 78.0
32 -396.0
33 59.0
34 63.0
35 -397.0
36 59.0
37 53.0
38 -400.0
39 -276.0
40 63.0
41 63.0
42 63.0
43 63.0
44 -387.0
45 64.0
46 64.0
47 -395.0
48 -395.0
49 -378.0
50 -388.0
51 -395.0
52 76.0
53 -378.0
54 64.0
55 64.0
56 -395.0
57 64.0
58 -398.0
59 -395.0
60 81.0
61 81.0
62 65.0
63 81.0
64 65.0
65 -378.0
66 81.0
67 81.0
68 81.0
69 64.0
70 82.0
71 -398.0
72 -395.0
73 -398.0
74 -398.0
75 -398.0
76 -398.0
77 -398.0
78 -398.0
79 -398.0
80 -398.0
81 -398.0
82 -398.0
83 -395.0
84 -398.0
85 -398.0
86 -399.0
87 -395.0
88 -399.0
89 -395.0
90 -399.0
91 -395.0
92 -399.0
93 -396.0
94 -396.0
95 -396.0
96 -396.0
97 -399.0
98 -396.0
99 -396.0
100 -396.0
101 -399.0
102 -399.0
103 -396.0
104 -396.0
105 -399.0
106 -399.0
107 -399.0
108 -399.0
109 -399.0
110 -399.0
111 -396.0
112 -399.0
113 -399.0
114 -396.0
115 -399.0
116 -396.0
117 -399.0
118 -399.0
119 -400.0
120 -396.0
121 -396.0
122 63.0
123 -396.0
124 -396.0
125 -379.0
126 -396.0
127 -396.0
128 -396.0
129 -400.0
130 -396.0
131 -396.0
132 -396.0
133 -396.0
134 -396.0
135 -396.0
136 -396.0
137 -396.0
138 -379.0
139 -396.0
140 -396.0
141 -396.0
142 -396.0
143 -400.0
144 -396.0
145 -400.0
146 -400.0
147 -400.0
148 -400.0
149 59.0
150 -397.0
151 62.0
152 80.0
153 -396.0
154 63.0
155 -379.0
156 -379.0
157 -396.0
158 -379.0
159 -379.0
160 59.0
161 59.0
162 59.0
163 59.0
164 -400.0
165 -400.0
166 -400.0
167 -400.0
168 -400.0
169 -396.0
170 -396.0
171 -396.0
172 -396.0
173 -396.0
174 -396.0
175 -400.0
176 -396.0
177 59.0
178 -400.0
179 -400.0
180 -400.0
181 -379.0
182 -400.0
183 -397.0
184 -397.0
185 -400.0
186 -397.0
187 -379.0
188 -397.0
189 -379.0
190 -379.0
191 -400.0
192 -400.0
193 -400.0
194 -400.0
195 -396.0
196 -396.0
197 -396.0
198 -396.0
199 -400.0
200 -397.0
201 -400.0
202 -400.0
203 -400.0
204 -400.0
205 -400.0
206 -400.0
207 -400.0
208 -400.0
209 -400.0
210 -400.0
211 79.0
212 78.0
213 79.0
214 79.0
215 79.0
216 79.0
217 79.0
218 80.0
219 80.0
220 80.0
221 80.0
222 80.0
223 80.0
224 79.0
225 80.0
226 80.0
227 80.0
228 80.0
229 80.0
230 80.0
231 80.0
232 80.0
233 80.0
234 80.0
235 81.0
236 81.0
237 81.0
238 81.0
239 81.0
240 81.0
241 81.0
242 81.0
243 81.0
244 81.0
245 81.0
246 81.0
247 81.0
248 81.0
249 81.0
250 81.0
251 81.0
252 82.0
253 82.0
254 82.0
255 82.0
256 82.0
257 82.0
258 82.0
259 82.0
260 82.0
261 82.0
262 82.0
263 82.0
264 82.0
265 82.0
266 82.0
267 82.0
268 82.0
269 83.0
270 83.0
271 83.0
272 82.0
273 83.0
274 83.0
275 83.0
276 83.0
277 83.0
278 83.0
279 83.0
280 -376.0
281 83.0
282 83.0
283 83.0
284 83.0
285 84.0
286 84.0
287 84.0
288 84.0
289 84.0
290 84.0
291 84.0
292 84.0
293 84.0
294 84.0
295 -375.0
296 84.0
297 83.0
298 84.0
299 85.0
300 83.0
301 85.0
302 85.0
303 85.0
304 85.0
305 84.0
306 85.0
307 85.0
308 85.0
309 85.0
310 85.0
311 85.0
312 85.0
313 85.0
314 85.0
315 85.0
316 86.0
317 86.0
318 86.0
319 86.0
320 86.0
321 86.0
322 86.0
323 86.0
324 86.0
325 85.0
326 86.0
327 86.0
328 85.0
329 85.0
330 86.0
331 87.0
332 87.0
333 87.0
334 87.0
335 87.0
336 87.0
337 87.0
338 87.0
339 87.0
340 87.0
341 87.0
342 87.0
343 87.0
344 87.0
345 87.0
346 87.0
347 87.0
348 87.0
349 88.0
350 88.0
351 88.0
352 88.0
353 68.0
354 88.0
355 87.0
356 88.0
357 72.0
358 88.0
359 88.0
360 88.0
361 88.0
362 88.0
363 88.0
364 88.0
365 88.0
366 89.0
367 87.0
368 89.0
369 89.0
370 89.0
371 89.0
372 89.0
373 89.0
374 89.0
375 89.0
376 89.0
377 89.0
378 89.0
379 89.0
380 89.0
381 89.0
382 89.0
383 90.0
384 90.0
385 90.0
386 90.0
387 90.0
388 90.0
389 90.0
390 90.0
391 90.0
392 90.0
393 90.0
394 90.0
395 90.0
396 -369.0
397 90.0
398 90.0
399 91.0
400 91.0
401 91.0
402 91.0
403 91.0
404 91.0
405 91.0
406 91.0
407 91.0
408 91.0
409 91.0
410 91.0
411 91.0
412 91.0
413 91.0
414 75.0
415 92.0
416 92.0
417 93.0
418 93.0
419 93.0
420 93.0
421 93.0
422 93.0
423 93.0
424 93.0
425 93.0
426 93.0
427 93.0
428 93.0
429 93.0
430 93.0
431 93.0
432 94.0
433 94.0
434 94.0
435 94.0
436 94.0
437 93.0
438 94.0
439 94.0
440 94.0
441 94.0
442 94.0
443 94.0
444 94.0
445 94.0
446 94.0
447 -364.0
448 96.0
449 97.0
450 97.0
451 97.0
452 97.0
453 97.0
454 97.0
455 97.0
456 97.0
457 97.0
458 97.0
459 97.0
460 98.0
461 98.0
462 98.0
463 98.0
464 98.0
465 98.0
466 98.0
467 98.0
468 98.0
469 98.0
470 98.0
471 98.0
472 98.0
473 98.0
474 98.0
475 100.0
476 100.0
477 100.0
478 100.0
479 100.0
480 100.0
481 100.0
482 100.0
483 100.0
484 100.0
485 100.0
486 100.0
487 100.0
488 100.0
489 101.0
490 101.0
491 101.0
492 101.0
493 102.0
494 102.0
495 102.0
496 102.0
497 102.0
498 102.0
499 102.0
500 102.0
501 102.0
502 102.0
503 -357.0
504 -377.0
505 -375.0
506 102.0
507 -357.0
508 102.0
509 102.0
510 103.0
511 -356.0
512 -356.0
513 -357.0
514 -357.0
515 -357.0
516 -357.0
517 -358.0
518 -360.0
519 -361.0
520 -361.0
521 -378.0
522 -361.0
523 -359.0
524 -358.0
525 -358.0
526 -357.0
527 -355.0
528 -355.0
529 -355.0
530 -355.0
531 -355.0
532 -355.0
533 -356.0
534 -358.0
535 -357.0
536 -359.0
537 -359.0
538 -357.0
539 -358.0
540 -360.0
541 -365.0
542 -360.0
543 -360.0
544 -378.0
545 -361.0
546 -361.0
547 -361.0
548 -365.0
549 -361.0
550 -359.0
551 -359.0
552 -358.0
553 -356.0
554 -355.0
555 -353.0
556 -352.0
557 -353.0
558 -353.0
559 -352.0
560 -353.0
561 -354.0
562 -354.0
563 -356.0
564 -356.0
565 -357.0
566 -355.0
567 -367.0
568 -359.0
569 -360.0
570 -377.0
571 -360.0
572 -614.0
573 -617.0
574 -614.0
575 -224.0
576 -223.0
577 83.0
578 -223.0
579 -223.0
580 -223.0
581 298.0
582 -221.0
583 -611.0
584 300.0
585 302.0
586 -217.0
587 -604.0
588 -600.0
589 -1060.0
590 -210.0
591 246.0
592 243.0
593 -603.0
594 -199.0
595 -1119.0
596 247.0
597 -599.0
598 -202.0
599 244.0
600 240.0
601 -605.0
602 241.0
603 -611.0
604 -221.0
605 -208.0
606 303.0
607 -602.0
608 -205.0
609 -602.0
610 -199.0
611 -1118.0
612 -595.0
613 -191.0
614 -188.0
615 123.0
616 -584.0
617 -1044.0
618 -1104.0
619 -580.0
620 -576.0
621 -1096.0
622 135.0
623 135.0
624 -649.0
625 -182.0
626 -179.0
627 -1099.0
628 -1099.0
629 -1003.0
630 -1098.0
631 -181.0
632 55.0
633 184.0
634 184.0
635 184.0
636 184.0
637 184.0
638 184.0
639 184.0
640 184.0
641 -1075.0
642 184.0
643 184.0
644 184.0
645 185.0
646 185.0
647 -1074.0
648 185.0
649 185.0
650 185.0
651 -1074.0
652 -1064.0
653 -1064.0
654 -1064.0
655 -1064.0
656 -1064.0
657 186.0
658 117.0
659 -1073.0
660 186.0
661 186.0
662 187.0
663 187.0
664 -1063.0
665 -1062.0
666 -1063.0
667 119.0
668 187.0
669 -1063.0
670 -1072.0
671 -1072.0
672 -1072.0
673 -1072.0
674 187.0
675 -1071.0
676 -1071.0
677 -1071.0
678 -1071.0
679 -1071.0
680 188.0
681 178.0
682 -1071.0
683 67.0
684 -1071.0
685 -1070.0
686 179.0
687 -1070.0
688 -1061.0
689 -1061.0
690 189.0
691 -1061.0
692 -1061.0
693 189.0
694 140.0
695 193.0
696 60.0
697 131.0
698 -1062.0
699 194.0
700 141.0
701 130.0
702 193.0
703 131.0
704 -203.0
705 131.0
706 193.0
707 132.0
708 194.0
709 194.0
710 -1061.0
711 194.0
712 131.0
713 193.0
714 193.0
715 -1062.0
716 193.0
717 193.0
718 193.0
719 131.0
720 129.0
721 -1060.0
722 63.0
723 -1060.0
724 195.0
725 142.0
726 82.0
727 195.0
728 142.0
729 82.0
730 148.0
731 82.0
732 142.0
733 148.0
734 82.0
735 142.0
736 141.0
737 82.0
738 148.0
739 195.0
740 148.0
741 141.0
742 194.0
743 199.0
744 195.0
745 195.0
746 195.0
747 142.0
748 148.0
749 142.0
750 142.0
751 82.0
752 82.0
753 195.0
754 199.0
755 -1056.0
756 -1056.0
757 -1056.0
758 -1056.0
759 -1056.0
760 -1056.0
761 -1056.0
762 -1056.0
763 -1106.0
764 -1056.0
765 -1106.0
766 -1056.0
767 -1106.0
768 -1105.0
769 -1105.0
770 -1055.0
771 -1055.0
772 -1055.0
773 -1055.0
774 -1105.0
775 -1055.0
776 79.0
777 -1055.0
778 -1105.0
779 -1055.0
780 -1055.0
781 -1055.0
782 -1054.0
783 -1104.0
784 -1054.0
785 -1104.0
786 80.0
787 80.0
788 -1104.0
789 141.0
790 -1054.0
791 -1054.0
792 -1103.0
793 -1053.0
794 -1053.0
795 -1103.0
796 -1053.0
797 -1053.0
798 -1103.0
799 -1103.0
800 -1103.0
801 -1053.0
802 -1053.0
803 -1103.0
804 -1102.0
805 -1102.0
806 -1102.0
807 -1052.0
808 -1102.0
809 -1052.0
810 -1102.0
811 -1101.0
812 -1101.0
813 -1101.0
814 -1101.0
815 -1101.0
816 -309.0
817 -309.0
818 -309.0
819 -309.0
820 -309.0
821 -308.0
822 -308.0
823 -308.0
824 -308.0
825 -306.0
826 -306.0
827 -305.0
828 -305.0
829 -304.0
830 -304.0
831 -304.0
832 -303.0
833 -302.0
834 -301.0
835 -301.0
836 -300.0
837 -300.0
838 -299.0
839 -298.0
840 -297.0
841 -295.0
842 -294.0
843 -293.0
844 -292.0
845 -291.0
846 -289.0
847 -288.0
848 -287.0
849 -287.0
850 -286.0
851 -285.0
852 -284.0
853 -282.0
854 -281.0
855 -280.0
856 -279.0
857 -278.0
858 -278.0
859 -277.0
860 -275.0
861 -274.0
862 -274.0
863 -274.0
864 -274.0
865 -274.0
866 -274.0
867 -274.0
868 -273.0
869 -285.0
870 -271.0
871 -270.0
872 -269.0
873 -268.0
874 -267.0
875 -265.0
876 -264.0
877 314.0
878 314.0
879 314.0
880 314.0
881 373.0
882 188.0
883 374.0
884 -145.0
885 -144.0
886 -757.0
887 373.0
888 372.0
889 370.0
890 -149.0
891 -148.0
892 311.0
893 311.0
894 311.0
895 311.0
896 -147.0
897 -147.0
898 374.0
899 382.0
900 371.0
901 109.0
902 112.0
903 114.0
904 -122.0
905 -871.0
906 112.0
907 -142.0
908 317.0
909 317.0
910 -142.0
911 317.0
912 317.0
913 379.0
914 380.0
915 382.0
916 381.0
917 379.0
918 377.0
919 376.0
920 374.0
921 314.0
922 314.0
923 314.0
924 314.0
925 314.0
926 314.0
927 314.0
928 314.0
929 315.0
930 315.0
931 315.0
932 315.0
933 383.0
934 381.0
935 -147.0
936 384.0
937 386.0
938 252.0
939 -207.0
940 -667.0
941 -207.0
942 -207.0
943 -667.0
944 -667.0
945 -207.0
946 -207.0
947 -207.0
948 -207.0
949 -207.0
950 -207.0
951 253.0
952 -206.0
953 -206.0
954 -206.0
955 253.0
956 253.0
957 253.0
958 253.0
959 -666.0
960 -666.0
961 253.0
962 253.0
963 -665.0
964 254.0
965 -665.0
966 254.0
967 -665.0
968 254.0
969 -205.0
970 -205.0
971 -205.0
972 -665.0
973 -665.0
974 -665.0
975 -205.0
976 -665.0
977 -665.0
978 -665.0
979 -665.0
980 -665.0
981 -665.0
982 -205.0
983 -205.0
984 -205.0
985 -205.0
986 -205.0
987 -204.0
988 -204.0
989 -204.0
990 -664.0
991 -664.0
992 -664.0
993 -664.0
994 250.0
995 -664.0
996 -664.0
997 -664.0
998 -664.0
999 -204.0
1000 -204.0
1001 -204.0
1002 -204.0
1003 -204.0
1004 -204.0
1005 -204.0
1006 -204.0
1007 -204.0
1008 -204.0
1009 -204.0
1010 -664.0
1011 -204.0
1012 -204.0
1013 -204.0
1014 -204.0
1015 -203.0
1016 -663.0
1017 -663.0
1018 -663.0
1019 -663.0
1020 -663.0
1021 -663.0
1022 257.0
1023 -662.0
1024 -662.0
1025 -662.0
1026 -662.0
1027 -202.0
1028 -662.0
1029 -266.0
1030 -271.0
1031 -270.0
1032 -266.0
1033 -267.0
1034 -268.0
1035 -269.0
1036 -269.0
1037 -270.0
1038 -269.0
1039 -269.0
1040 -274.0
1041 -273.0
1042 -273.0
1043 -270.0
1044 -273.0
1045 -207.0
1046 -273.0
1047 -272.0
1048 -272.0
1049 -272.0
1050 -268.0
1051 -269.0
1052 -269.0
1053 -270.0
1054 -271.0
1055 -272.0
1056 -272.0
1057 -273.0
1058 -274.0
1059 -273.0
1060 -272.0
1061 -273.0
1062 -274.0
1063 -273.0
1064 -273.0
1065 -274.0
1066 -275.0
1067 -276.0
1068 -276.0
1069 -276.0
1070 -277.0
1071 -276.0
1072 -277.0
1073 -276.0
1074 -278.0
1075 -277.0
1076 -278.0
1077 -278.0
1078 -279.0
1079 -280.0
1080 -279.0
1081 -280.0
1082 -219.0
1083 -278.0
1084 -279.0
1085 -280.0
1086 -279.0
1087 -278.0
1088 -278.0
1089 -279.0
1090 -279.0
1091 -279.0
1092 -280.0
1093 -279.0
1094 -280.0
1095 -281.0
1096 -280.0
1097 -281.0
1098 -280.0
1099 -281.0
1100 -281.0
1101 -282.0
1102 -283.0
1103 -284.0
1104 -284.0
1105 -285.0
1106 -284.0
1107 -283.0
1108 -284.0
1109 -285.0
1110 -284.0
1111 -283.0
1112 -284.0
1113 -285.0
1114 -284.0
1115 -285.0
1116 -285.0
1117 -285.0
1118 -284.0
1119 -285.0
1120 -285.0
1121 -286.0
1122 -285.0
1123 -286.0
1124 -285.0
1125 -286.0
1126 -285.0
1127 -286.0
1128 -285.0
1129 -286.0
1130 -287.0
1131 -287.0
1132 -287.0
1133 -287.0
1134 -288.0
1135 -289.0
1136 -289.0
1137 -290.0
1138 -291.0
1139 -290.0
1140 -289.0
1141 -288.0
1142 -289.0
1143 -290.0
1144 -291.0
1145 -291.0
1146 -291.0
1147 -291.0
1148 -296.0
1149 -292.0
1150 -291.0
1151 -292.0
1152 -291.0
1153 -292.0
1154 -293.0
1155 -293.0
1156 -292.0
1157 -233.0
1158 -294.0
1159 -293.0
1160 -294.0
1161 -295.0
1162 -295.0
1163 -296.0
1164 -297.0
1165 -298.0
1166 -298.0
1167 -297.0
1168 -298.0
1169 -297.0
1170 -298.0
1171 -299.0
1172 -299.0
1173 -299.0
1174 -297.0
1175 -296.0
1176 -296.0
1177 -296.0
1178 -297.0
1179 -296.0
1180 -295.0
1181 -295.0
1182 -295.0
1183 -294.0
1184 -294.0
1185 -294.0
1186 -295.0
1187 -296.0
1188 -297.0
1189 -297.0
1190 -298.0
1191 -299.0
1192 -298.0
1193 -299.0
1194 -299.0
1195 -299.0
1196 -299.0
1197 -298.0
1198 -299.0
1199 -299.0
1200 -300.0
1201 -301.0
1202 -305.0
1203 -301.0
1204 -301.0
1205 -300.0
1206 -301.0
1207 -301.0
1208 -302.0
1209 -303.0
1210 -304.0
1211 -244.0
1212 -305.0
1213 -304.0
1214 -309.0
1215 -305.0
1216 -305.0
1217 -306.0
1218 -306.0
1219 -247.0
1220 -308.0
1221 -307.0
1222 -308.0
1223 -308.0
1224 -309.0
1225 -308.0
1226 -309.0
1227 -310.0
1228 -310.0
1229 -311.0
1230 -311.0
1231 -312.0
1232 -313.0
1233 -313.0
1234 -313.0
1235 -313.0
1236 -313.0
1237 -314.0
1238 -313.0
1239 -312.0
1240 -312.0
1241 -311.0
1242 -311.0
1243 -316.0
1244 -312.0
1245 -312.0
1246 -311.0
1247 -312.0
1248 -313.0
1249 -314.0
1250 -314.0
1251 -315.0
1252 -316.0
1253 -316.0
1254 -317.0
1255 -317.0
1256 -318.0
1257 -319.0
1258 -319.0
1259 -320.0
1260 -321.0
1261 -322.0
1262 -322.0
1263 -324.0
1264 -322.0
1265 -322.0
1266 -323.0
1267 -324.0
1268 -324.0
1269 -327.0
1270 -323.0
1271 -324.0
1272 -323.0
1273 -323.0
1274 -324.0
1275 -325.0
1276 -326.0
1277 -325.0
1278 -326.0
1279 -325.0
1280 -325.0
1281 -325.0
1282 -324.0
1283 -325.0
1284 -325.0
1285 -326.0
1286 -327.0
1287 -328.0
1288 -328.0
1289 -329.0
1290 -330.0
1291 -331.0
1292 -331.0
1293 -332.0
1294 -333.0
1295 -333.0
1296 -334.0
1297 -333.0
1298 -334.0
1299 -335.0
1300 -336.0
1301 -336.0
1302 -335.0
1303 -336.0
1304 -337.0
1305 -338.0
1306 -337.0
1307 -338.0
1308 -338.0
1309 -339.0
1310 -340.0
1311 -339.0
1312 -338.0
1313 -339.0
1314 -338.0
1315 -277.0
1316 -338.0
1317 -337.0
1318 -339.0
1319 -338.0
1320 -277.0
1321 -276.0
1322 -336.0
1323 -335.0
1324 -335.0
1325 -275.0
1326 -335.0
1327 -336.0
1328 -337.0
1329 -337.0
1330 -338.0
1331 -339.0
1332 -338.0
1333 -339.0
1334 -338.0
1335 -339.0
1336 -340.0
1337 -340.0
1338 -341.0
1339 -340.0
1340 -341.0
1341 -346.0
1342 -342.0
1343 -342.0
1344 -343.0
1345 -344.0
1346 -344.0
1347 -345.0
1348 -346.0
1349 -347.0
1350 -287.0
1351 -347.0
1352 -348.0
1353 -348.0
1354 -349.0
1355 -350.0
1356 -350.0
1357 -351.0
1358 -352.0
1359 -353.0
1360 -353.0
1361 -354.0
1362 -355.0
1363 -355.0
1364 -361.0
1365 -356.0
1366 -357.0
1367 -358.0
1368 -358.0
1369 -358.0
1370 -358.0
1371 -358.0
1372 -359.0
1373 -358.0
1374 -359.0
1375 -358.0
1376 -359.0
1377 -360.0
1378 -300.0
1379 -359.0
1380 -358.0
1381 -298.0
1382 -359.0
1383 -359.0
1384 -359.0
1385 -358.0
1386 -358.0
1387 -299.0
1388 -358.0
1389 -358.0
1390 -358.0
1391 -358.0
1392 -359.0
1393 -360.0
1394 -361.0
1395 -361.0
1396 -362.0
1397 -363.0
1398 -361.0
1399 -362.0
1400 -363.0
1401 -362.0
1402 -362.0
1403 -363.0
1404 -364.0
1405 -365.0
1406 -305.0
1407 -365.0
1408 -371.0
1409 -370.0
1410 -366.0
1411 -367.0
1412 -368.0
1413 -368.0
1414 -369.0
1415 -370.0
1416 -369.0
1417 -368.0
1418 -369.0
1419 -309.0
1420 -370.0
1421 -370.0
1422 -371.0
1423 -376.0
1424 -372.0
1425 -372.0
1426 -373.0
1427 -372.0
1428 -373.0
1429 -374.0
1430 -374.0
1431 -373.0
1432 -372.0
1433 -373.0
1434 -374.0
1435 -374.0
1436 -380.0
1437 -375.0
1438 -376.0
1439 -377.0
1440 -377.0
1441 -378.0
1442 -379.0
1443 -379.0
1444 -320.0
1445 -380.0
1446 -319.0
1447 -379.0
1448 -320.0
1449 -380.0
1450 -381.0
1451 -382.0
1452 -382.0
1453 -381.0
1454 -382.0
1455 -323.0
1456 -384.0
1457 -384.0
1458 -385.0
1459 -386.0
1460 -387.0
1461 -387.0
1462 -388.0
1463 -389.0
1464 -388.0
1465 -389.0
1466 -390.0
1467 -390.0
1468 -330.0
1469 -394.0
1470 -391.0
1471 -390.0
1472 -391.0
1473 -392.0
1474 -392.0
1475 -332.0
1476 -403.0
1477 -392.0
1478 -392.0
1479 -392.0
1480 -393.0
1481 -394.0
1482 -394.0
1483 -334.0
1484 -394.0
1485 -395.0
1486 -396.0
1487 -396.0
1488 -397.0
1489 -398.0
1490 -338.0
1491 -398.0
1492 -397.0
1493 -398.0
1494 -398.0
1495 -399.0
1496 -338.0
1497 -338.0
1498 -399.0
1499 -400.0
1500 -339.0
1501 -338.0
1502 -338.0
1503 -337.0
1504 -337.0
1505 -336.0
1506 -336.0
1507 -336.0
1508 -397.0
1509 -336.0
1510 -337.0
1511 -398.0
1512 -336.0
1513 -397.0
1514 -398.0
1515 -398.0
1516 -399.0
1517 -404.0
1518 -400.0
1519 -401.0
1520 -401.0
1521 -402.0
1522 -342.0
1523 -403.0
1524 -342.0
1525 -403.0
1526 -403.0
1527 -404.0
1528 -345.0
1529 -344.0
1530 -405.0
1531 -345.0
1532 -405.0
1533 -345.0
1534 -405.0
1535 -405.0
1536 -404.0
1537 -344.0
1538 -344.0
1539 -405.0
1540 -406.0
1541 -407.0
1542 -407.0
1543 -408.0
1544 -409.0
1545 -409.0
1546 -410.0
1547 -411.0
1548 -412.0
1549 -352.0
1550 -422.0
1551 -412.0
1552 -413.0
1553 -418.0
1554 -354.0
1555 -353.0
1556 -353.0
1557 -413.0
1558 -414.0
1559 -414.0
1560 -414.0
1561 -414.0
1562 -413.0
1563 -413.0
1564 -414.0
1565 -413.0
1566 -414.0
1567 -355.0
1568 -416.0
1569 -355.0
1570 -415.0
1571 -416.0
1572 -417.0
1573 -418.0
1574 -418.0
1575 -419.0
1576 -420.0
1577 -421.0
1578 -421.0
1579 -361.0
1580 -361.0
1581 -361.0
1582 -422.0
1583 -423.0
1584 -423.0
1585 -363.0
1586 -363.0
1587 -363.0
1588 -363.0
1589 -423.0
1590 -363.0
1591 -424.0
1592 -424.0
1593 -425.0
1594 -425.0
1595 -426.0
1596 -427.0
1597 -428.0
1598 -428.0
1599 -429.0
1600 -430.0
1601 -431.0
1602 -431.0
1603 -432.0
1604 -433.0
1605 -434.0
1606 -434.0
1607 -374.0
1608 -374.0
1609 -434.0
1610 -434.0
1611 -435.0
1612 -436.0
1613 -436.0
1614 -437.0
1615 -377.0
1616 -377.0
1617 -436.0
1618 -376.0
1619 -377.0
1620 -377.0
1621 -376.0
1622 -376.0
1623 -435.0
1624 -434.0
1625 -433.0
1626 -434.0
1627 -435.0
1628 -436.0
1629 -436.0
1630 -437.0
1631 -438.0
1632 -439.0
1633 -439.0
1634 -439.0
1635 -440.0
1636 -441.0
1637 -381.0
1638 -381.0
1639 -381.0
1640 -441.0
1641 -442.0
1642 -443.0
1643 -444.0
1644 -384.0
1645 -383.0
1646 -443.0
1647 -382.0
1648 -381.0
1649 -381.0
1650 -440.0
1651 -441.0
1652 -442.0
1653 -442.0
1654 -442.0
1655 -442.0
1656 -442.0
1657 -442.0
1658 -442.0
1659 -442.0
1660 -441.0
1661 -442.0
1662 -443.0
1663 -444.0
1664 -384.0
1665 -384.0
1666 -444.0
1667 -444.0
1668 -444.0
1669 -445.0
1670 -446.0
1671 -446.0
1672 -447.0
1673 -386.0
1674 -445.0
1675 14.0
1676 -384.0
1677 -443.0
1678 -442.0
1679 -443.0
1680 -444.0
1681 -444.0
1682 -444.0
1683 -444.0
1684 -444.0
1685 -444.0
1686 -444.0
1687 -384.0
1688 -444.0
1689 -444.0
1690 -445.0
1691 -446.0
1692 -447.0
1693 -448.0
1694 -449.0
1695 -449.0
1696 -450.0
1697 -451.0
1698 -452.0
1699 -456.0
1700 -451.0
1701 -450.0
1702 -449.0
1703 -448.0
1704 -449.0
1705 -450.0
1706 -449.0
1707 -450.0
1708 -450.0
1709 -450.0
1710 -450.0
1711 -450.0
1712 -450.0
1713 -450.0
1714 -450.0
1715 -449.0
1716 -449.0
1717 -449.0
1718 -449.0
1719 -449.0
1720 -449.0
1721 -450.0
1722 -451.0
1723 -452.0
1724 -453.0
1725 -453.0
1726 -454.0
1727 -453.0
1728 -452.0
1729 -453.0
1730 -452.0
1731 -453.0
1732 -454.0
1733 -455.0
1734 -456.0
1735 -456.0
1736 -456.0
1737 -456.0
1738 -455.0
1739 -455.0
1740 -455.0
1741 -455.0
1742 -455.0
1743 -454.0
1744 -452.0
1745 -451.0
1746 -452.0
1747 -453.0
1748 -452.0
1749 -451.0
1750 -450.0
1751 -451.0
1752 -452.0
1753 -453.0
1754 -454.0
1755 -455.0
1756 -454.0
1757 -455.0
1758 -456.0
1759 -455.0
1760 -456.0
1761 -457.0
1762 -458.0
1763 -459.0
1764 -460.0
1765 -461.0
1766 -461.0
1767 -461.0
1768 -461.0
1769 -461.0
1770 -461.0
1771 -460.0
1772 -459.0
1773 -458.0
1774 -457.0
1775 -455.0
1776 -455.0
1777 -454.0
1778 -454.0
1779 -453.0
1780 -452.0
1781 -453.0
1782 -454.0
1783 -455.0
1784 -456.0
1785 -457.0
1786 -456.0
1787 -455.0
1788 -454.0
1789 -453.0
1790 -454.0
1791 -455.0
1792 -456.0
1793 -459.0
1794 -456.0
1795 -456.0
1796 -456.0
1797 -456.0
1798 -457.0
1799 -456.0
1800 -456.0
1801 -454.0
1802 -453.0
1803 -452.0
1804 -451.0
1805 -451.0
1806 -452.0
1807 -451.0
1808 -452.0
1809 -451.0
1810 -450.0
1811 -451.0
1812 -452.0
1813 -453.0
1814 -454.0
1815 -455.0
1816 -454.0
1817 -455.0
1818 -456.0
1819 -457.0
1820 -461.0
1821 -457.0
1822 -457.0
1823 -457.0
1824 -457.0
1825 -456.0
1826 -454.0
1827 -454.0
1828 -453.0
1829 -453.0
1830 -453.0
1831 -453.0
1832 -454.0
1833 -453.0
1834 -454.0
1835 -453.0
1836 -452.0
1837 -453.0
1838 -454.0
1839 -453.0
1840 -452.0
1841 -453.0
1842 -454.0
1843 -455.0
1844 -456.0
1845 -457.0
1846 -458.0
1847 -459.0
1848 -458.0
1849 -457.0
1850 -455.0
1851 -454.0
1852 -454.0
1853 -454.0
1854 -454.0
1855 -454.0
1856 -454.0
1857 -454.0
1858 -454.0
1859 -454.0
1860 -455.0
1861 -455.0
1862 -455.0
1863 -455.0
1864 -455.0
1865 -455.0
1866 -455.0
1867 -455.0
1868 -455.0
1869 -455.0
1870 -455.0
1871 -456.0
1872 -457.0
1873 -458.0
1874 -457.0
1875 -457.0
1876 -457.0
1877 -457.0
1878 -457.0
1879 -457.0
1880 -457.0
1881 -457.0
1882 -455.0
1883 -454.0
1884 -453.0
1885 -452.0
1886 -452.0
1887 -451.0
1888 -451.0
1889 -450.0
1890 -451.0
1891 -450.0
1892 -449.0
1893 -447.0
1894 -446.0
1895 -445.0
1896 -445.0
1897 -445.0
1898 -444.0
1899 -444.0
1900 -445.0
1901 -1053.0
1902 -1053.0
1903 17.0
1904 -1063.0
1905 -1062.0
1906 -1062.0
1907 -1062.0
1908 -1062.0
1909 78.0
1910 -1062.0
1911 -1062.0
1912 -1062.0
1913 -1062.0
1914 207.0
1915 208.0
1916 209.0
1917 210.0
1918 -52.0
1919 211.0
1920 212.0
1921 -1056.0
1922 -1046.0
1923 24.0
1924 24.0
1925 24.0
1926 -1046.0
1927 24.0
1928 -1045.0
1929 -1045.0
1930 -1055.0
1931 -1045.0
1932 25.0
1933 25.0
1934 -1054.0
1935 -1054.0
1936 -1054.0
1937 -1054.0
1938 86.0
1939 86.0
1940 -47.0
1941 86.0
1942 86.0
1943 -47.0
1944 -47.0
1945 86.0
1946 87.0
1947 87.0
1948 87.0
1949 87.0
1950 87.0
1951 87.0
1952 27.0
1953 -1052.0
1954 -1042.0
1955 28.0
1956 -1042.0
1957 28.0
1958 28.0
1959 -1042.0
1960 28.0
1961 -1051.0
1962 28.0
1963 29.0
1964 29.0
1965 -1041.0
1966 -1041.0
1967 29.0
1968 -1041.0
1969 -1051.0
1970 29.0
1971 -37.0
1972 -1050.0
1973 29.0
1974 -1040.0
1975 -1050.0
1976 -1040.0
1977 30.0
1978 30.0
1979 -1222.0
1980 -1040.0
1981 30.0
1982 -1049.0
1983 30.0
1984 -1039.0
1985 31.0
1986 31.0
1987 -1049.0
1988 31.0
1989 31.0
1990 31.0
1991 31.0
1992 31.0
1993 31.0
1994 -1038.0
1995 -1038.0
1996 32.0
1997 32.0
1998 32.0
1999 32.0
2000 32.0
2001 -1038.0
2002 32.0
2003 -1037.0
2004 -1037.0
2005 -1037.0
2006 -1037.0
2007 -1037.0
2008 -1037.0
2009 -1037.0
2010 -1037.0
2011 -1037.0
2012 33.0
2013 -1036.0
2014 -1036.0
2015 -1036.0
2016 34.0
2017 -1036.0
2018 -1036.0
2019 -1046.0
2020 -1036.0
2021 -1045.0
2022 34.0
2023 35.0
2024 -1098.0
2025 -1035.0
2026 35.0
2027 35.0
2028 -1035.0
2029 -1035.0
2030 35.0
2031 35.0
2032 35.0
2033 35.0
2034 -1034.0
2035 -1034.0
2036 36.0
2037 -1034.0
2038 36.0
2039 36.0
2040 36.0
2041 -1044.0
2042 -1033.0
2043 36.0
2044 36.0
2045 37.0
2046 -1033.0
2047 37.0
2048 -1095.0
2049 37.0
2050 37.0
2051 37.0
2052 37.0
2053 37.0
2054 -1042.0
2055 37.0
2056 -1032.0
2057 38.0
2058 -1094.0
2059 38.0
2060 38.0
2061 38.0
2062 -1032.0
2063 -1032.0
2064 38.0
2065 -1041.0
2066 -24.0
2067 39.0
2068 39.0
2069 -1031.0
2070 -1041.0
2071 -20.0
2072 39.0
2073 39.0
2074 -1031.0
2075 39.0
2076 -1040.0
2077 39.0
2078 -1030.0
2079 -1040.0
2080 -1030.0
2081 -1040.0
2082 40.0
2083 40.0
2084 40.0
2085 40.0
2086 40.0
2087 -1029.0
2088 41.0
2089 41.0
2090 41.0
2091 -1039.0
2092 -1039.0
2093 41.0
2094 41.0
2095 41.0
2096 41.0
2097 -1028.0
2098 -1028.0
2099 -1028.0
2100 -1028.0
2101 -1028.0
2102 -1028.0
2103 -1028.0
2104 42.0
2105 -1027.0
2106 42.0
2107 42.0
2108 43.0
2109 -1037.0
2110 43.0
2111 -1037.0
2112 -1027.0
2113 43.0
2114 -1037.0
2115 -1036.0
2116 -1036.0
2117 -1036.0
2118 -1026.0
2119 -1026.0
2120 -1026.0
2121 -1026.0
2122 -1026.0
2123 44.0
2124 -1025.0
2125 -1025.0
2126 -1025.0
2127 -1025.0
2128 -1025.0
2129 -1025.0
2130 -1025.0
2131 45.0
2132 -1025.0
2133 46.0
2134 -1034.0
2135 -974.0
2136 -1034.0
2137 -1034.0
2138 -1034.0
2139 -1034.0
2140 -1034.0
2141 -1033.0
2142 46.0
2143 -1023.0
2144 -1023.0
2145 47.0
2146 -1033.0
2147 -1033.0
2148 -1033.0
2149 -1033.0
2150 -1032.0
2151 48.0
2152 48.0
2153 -1022.0
2154 108.0
2155 -1022.0
2156 48.0
2157 -1021.0
2158 48.0
2159 -1204.0
2160 -1031.0
2161 -1031.0
2162 -1031.0
2163 -1031.0
2164 49.0
2165 -1031.0
2166 -1031.0
2167 -970.0
2168 49.0
2169 -1030.0
2170 -1020.0
2171 -1030.0
2172 -1030.0
2173 -1020.0
2174 -1030.0
2175 -1030.0
2176 -1019.0
2177 -1019.0
2178 -1029.0
2179 -1029.0
2180 -1029.0
2181 -1029.0
2182 -1019.0
2183 -1019.0
2184 -1201.0
2185 -1028.0
2186 -1028.0
2187 -1028.0
2188 -1028.0
2189 -968.0
2190 -1028.0
2191 -1018.0
2192 -1028.0
2193 -1028.0
2194 -1027.0
2195 -1027.0
2196 -1027.0
2197 -1027.0
2198 -1027.0
2199 -1027.0
2200 -1027.0
2201 -1027.0
2202 -1026.0
2203 -6.0
2204 -1026.0
2205 -1026.0
2206 -1016.0
2207 -1016.0
2208 -1016.0
2209 -1016.0
2210 -1026.0
2211 -1025.0
2212 -1025.0
2213 -1025.0
2214 -965.0
2215 55.0
2216 -1015.0
2217 -1025.0
2218 -1015.0
2219 -1014.0
2220 -1014.0
2221 -1014.0
2222 -1014.0
2223 -1014.0
2224 -1014.0
2225 -1024.0
2226 -1024.0
2227 56.0
2228 -3.0
2229 -1136.0
2230 -3.0
2231 -1063.0
2232 -1023.0
2233 -1013.0
2234 -1023.0
2235 -963.0
2236 -1013.0
2237 -1013.0
2238 -1022.0
2239 -1022.0
2240 -1022.0
2241 -1012.0
2242 -1012.0
2243 -1012.0
2244 -1022.0
2245 -1022.0
2246 -1021.0
2247 -1011.0
2248 -1021.0
2249 -1011.0
2250 -1011.0
2251 -1011.0
2252 -1011.0
2253 -1011.0
2254 -1021.0
2255 -1133.0
2256 -1060.0
2257 -1060.0
2258 -1133.0
2259 53.0
2260 -1060.0
2261 60.0
2262 -1020.0
2263 -1020.0
2264 -1027.0
2265 -1009.0
2266 -1009.0
2267 -1009.0
2268 -1019.0
2269 61.0
2270 -1019.0
2271 -959.0
2272 -959.0
2273 -959.0
2274 -1008.0
2275 -1008.0
2276 62.0
2277 -1008.0
2278 -1018.0
2279 -1008.0
2280 62.0
2281 62.0
2282 63.0
2283 -1007.0
2284 -1007.0
2285 63.0
2286 -1007.0
2287 -1007.0
2288 -1006.0
2289 64.0
2290 -1006.0
2291 -1006.0
2292 -1016.0
2293 -1016.0
2294 -1016.0
2295 -1005.0
2296 65.0
2297 -1005.0
2298 65.0
2299 -1005.0
2300 -955.0
2301 -955.0
2302 -955.0
2303 -1005.0
2304 65.0
2305 -1004.0
2306 -1004.0
2307 -1004.0
2308 -1004.0
2309 66.0
2310 66.0
2311 -1003.0
2312 -1020.0
2313 -1013.0
2314 -1020.0
2315 -1003.0
2316 -1003.0
2317 -1003.0
2318 67.0
2319 68.0
2320 68.0
2321 68.0
2322 -1012.0
2323 -1012.0
2324 -1012.0
2325 -1011.0
2326 -1011.0
2327 69.0
2328 69.0
2329 69.0
2330 69.0
2331 -951.0
2332 -950.0
2333 -950.0
2334 -950.0
2335 -950.0
2336 70.0
2337 -1000.0
2338 -1010.0
2339 -1017.0
2340 -1010.0
2341 -1009.0
2342 -1009.0
2343 -1016.0
2344 -1009.0
2345 -1009.0
2346 -1009.0
2347 -1009.0
2348 -1016.0
2349 -1008.0
2350 -1008.0
2351 -1008.0
2352 -1008.0
2353 -1008.0
2354 -1008.0
2355 -1008.0
2356 -1008.0
2357 -948.0
2358 -948.0
2359 -947.0
2360 -947.0
2361 -947.0
2362 73.0
2363 73.0
2364 -1007.0
2365 -1007.0
2366 -1007.0
2367 -1006.0
2368 -1006.0
2369 -1006.0
2370 -1006.0
2371 -1006.0
2372 -1013.0
2373 -1006.0
2374 -946.0
2375 -946.0
2376 -945.0
2377 -945.0
2378 -945.0
2379 -945.0
2380 -945.0
2381 -945.0
2382 -1005.0
2383 -945.0
2384 -1005.0
2385 -1005.0
2386 -945.0
2387 -1004.0
2388 -1004.0
2389 -1004.0
2390 -1004.0
2391 -944.0
2392 -944.0
2393 -944.0
2394 -944.0
2395 -1004.0
2396 -1004.0
2397 -1003.0
2398 -1003.0
2399 -1003.0
2400 -1003.0
2401 -1010.0
2402 -1003.0
2403 -943.0
2404 -943.0
2405 -943.0
2406 -943.0
2407 -943.0
2408 -942.0
2409 -942.0
2410 -942.0
2411 -1052.0
2412 -1002.0
2413 -942.0
2414 -942.0
2415 -1052.0
2416 -1052.0
2417 -942.0
2418 -1051.0
2419 -1001.0
2420 -1001.0
2421 -1001.0
2422 -1001.0
2423 -1001.0
2424 -1001.0
2425 -1001.0
2426 -1000.0
2427 19.0
2428 -1007.0
2429 -1000.0
2430 -1000.0
2431 20.0
2432 -1000.0
2433 -940.0
2434 -940.0
2435 -940.0
2436 -940.0
2437 -939.0
2438 -939.0
2439 -939.0
2440 -939.0
2441 -939.0
2442 -999.0
2443 -999.0
2444 -939.0
2445 -939.0
2446 -1049.0
2447 -1049.0
2448 -938.0
2449 -1048.0
2450 -998.0
2451 -998.0
2452 -998.0
2453 -998.0
2454 -998.0
2455 -998.0
2456 -1005.0
2457 -997.0
2458 -997.0
2459 -997.0
2460 -937.0
2461 -937.0
2462 -937.0
2463 -937.0
2464 -937.0
2465 -937.0
2466 -937.0
2467 -937.0
2468 -937.0
2469 -936.0
2470 -936.0
2471 -936.0
2472 -996.0
2473 -996.0
2474 -996.0
2475 -996.0
2476 -996.0
2477 -996.0
2478 -995.0
2479 -995.0
2480 24.0
2481 -995.0
2482 -935.0
2483 -935.0
2484 -935.0
2485 -1045.0
2486 -935.0
2487 -935.0
2488 -935.0
2489 -935.0
2490 -934.0
2491 -994.0
2492 -994.0
2493 -994.0
2494 -994.0
2495 -994.0
2496 -934.0
2497 -984.0
2498 -934.0
2499 -934.0
2500 -934.0
2501 -933.0
2502 -993.0
2503 -993.0
2504 -993.0
2505 -993.0
2506 -993.0
2507 -993.0
2508 -993.0
2509 -992.0
2510 -992.0
2511 -992.0
2512 -1042.0
2513 -992.0
2514 -992.0
2515 -992.0
2516 -992.0
2517 -982.0
2518 -931.0
2519 -981.0
2520 -931.0
2521 -931.0
2522 -931.0
2523 -931.0
2524 -931.0
2525 -931.0
2526 -931.0
2527 -931.0
2528 -931.0
2529 -991.0
2530 -930.0
2531 -930.0
2532 -990.0
2533 -980.0
2534 -990.0
2535 -990.0
2536 -990.0
2537 -990.0
2538 -990.0
2539 30.0
2540 30.0
2541 -989.0
2542 -989.0
2543 -989.0
2544 -989.0
2545 -989.0
2546 -989.0
2547 -1039.0
2548 -1038.0
2549 -978.0
2550 -978.0
2551 -1038.0
2552 -928.0
2553 -928.0
2554 -928.0
2555 -928.0
2556 -978.0
2557 -978.0
2558 -978.0
2559 -977.0
2560 -977.0
2561 -977.0
2562 -987.0
2563 -987.0
2564 -987.0
2565 -1037.0
2566 -927.0
2567 -977.0
2568 -976.0
2569 -986.0
2570 -986.0
2571 -986.0
2572 -986.0
2573 -986.0
2574 -986.0
2575 -986.0
2576 -986.0
2577 -985.0
2578 -1035.0
2579 -975.0
2580 -975.0
2581 -1035.0
2582 -925.0
2583 -925.0
2584 -925.0
2585 -975.0
2586 -975.0
2587 -975.0
2588 -974.0
2589 -974.0
2590 96.0
2591 -974.0
2592 -974.0
2593 96.0
2594 -974.0
2595 -974.0
2596 -973.0
2597 -983.0
2598 -983.0
2599 36.0
2600 -983.0
2601 37.0
2602 -983.0
2603 -983.0
2604 -990.0
2605 -983.0
2606 -982.0
2607 -972.0
2608 -972.0
2609 -972.0
2610 -972.0
2611 -972.0
2612 -922.0
2613 -922.0
2614 -922.0
2615 -922.0
2616 99.0
2617 -971.0
2618 -971.0
2619 99.0
2620 99.0
2621 -971.0
2622 -981.0
2623 -970.0
2624 -920.0
2625 -970.0
2626 -970.0
2627 -970.0
2628 -980.0
2629 -980.0
2630 -980.0
2631 -987.0
2632 -979.0
2633 -979.0
2634 -969.0
2635 -969.0
2636 -969.0
2637 -969.0
2638 -919.0
2639 -919.0
2640 -919.0
2641 -969.0
2642 -968.0
2643 -968.0
2644 -968.0
2645 -968.0
2646 -968.0
2647 -968.0
2648 -968.0
2649 -968.0
2650 -968.0
2651 -968.0
2652 -978.0
2653 -977.0
2654 -977.0
2655 -977.0
2656 -967.0
2657 103.0
2658 103.0
2659 -967.0
2660 -917.0
2661 -917.0
2662 -917.0
2663 -916.0
2664 -966.0
2665 104.0
2666 -966.0
2667 -966.0
2668 -966.0
2669 -966.0
2670 -966.0
2671 -966.0
2672 -976.0
2673 -975.0
2674 -975.0
2675 44.0
2676 -965.0
2677 -965.0
2678 -965.0
2679 -1087.0
2680 105.0
2681 -964.0
2682 -974.0
2683 -964.0
2684 -914.0
2685 -964.0
2686 -964.0
2687 -974.0
2688 -964.0
2689 -974.0
2690 -973.0
2691 -973.0
2692 -963.0
2693 -913.0
2694 -913.0
2695 -913.0
2696 -963.0
2697 -963.0
2698 -963.0
2699 -963.0
2700 -962.0
2701 -972.0
2702 -972.0
2703 -962.0
2704 -962.0
2705 -1084.0
2706 -962.0
2707 -962.0
2708 108.0
2709 -961.0
2710 109.0
2711 109.0
2712 -971.0
2713 -971.0
2714 -971.0
2715 -970.0
2716 -960.0
2717 -960.0
2718 110.0
2719 110.0
2720 -910.0
2721 -910.0
2722 -910.0
2723 -970.0
2724 -960.0
2725 -959.0
2726 -959.0
2727 -959.0
2728 -959.0
2729 -959.0
2730 -959.0
2731 -959.0
2732 -969.0
2733 -968.0
2734 -968.0
2735 -968.0
2736 112.0
2737 112.0
2738 112.0
2739 113.0
2740 113.0
2741 113.0
2742 -967.0
2743 113.0
2744 -967.0
2745 -907.0
2746 -966.0
2747 -906.0
2748 -966.0
2749 -906.0
2750 -956.0
2751 -956.0
2752 114.0
2753 -956.0
2754 -955.0
2755 -955.0
2756 115.0
2757 -1137.0
2758 -955.0
2759 -1077.0
2760 -965.0
2761 -965.0
2762 -964.0
2763 -964.0
2764 55.0
2765 -954.0
2766 -954.0
2767 116.0
2768 -954.0
2769 -954.0
2770 -953.0
2771 -953.0
2772 -903.0
2773 -953.0
2774 -953.0
2775 -963.0
2776 -953.0
2777 -963.0
2778 -963.0
2779 -903.0
2780 -962.0
2781 -902.0
2782 -952.0
2783 -952.0
2784 -952.0
2785 -1134.0
2786 -952.0
2787 -1074.0
2788 -962.0
2789 -961.0
2790 -961.0
2791 -951.0
2792 -951.0
2793 -951.0
2794 -951.0
2795 -951.0
2796 -951.0
2797 119.0
2798 -950.0
2799 -950.0
2800 -950.0
2801 -950.0
2802 -950.0
2803 -950.0
2804 -950.0
2805 -950.0
2806 -949.0
2807 -949.0
2808 -959.0
2809 -959.0
2810 -959.0
2811 121.0
2812 121.0
2813 -958.0
2814 -958.0
2815 -958.0
2816 -898.0
2817 -958.0
2818 -898.0
2819 -958.0
2820 -958.0
2821 -957.0
2822 -947.0
2823 -947.0
2824 -947.0
2825 -947.0
2826 -947.0
2827 -1014.0
2828 -947.0
2829 -947.0
2830 -954.0
2831 -946.0
2832 124.0
2833 124.0
2834 124.0
2835 -945.0
2836 -945.0
2837 -945.0
2838 -955.0
2839 -955.0
2840 -955.0
2841 -955.0
2842 -955.0
2843 -955.0
2844 -894.0
2845 -894.0
2846 -894.0
2847 -954.0
2848 -954.0
2849 -954.0
2850 -944.0
2851 126.0
2852 -944.0
2853 -954.0
2854 -893.0
2855 -953.0
2856 -953.0
2857 -953.0
2858 -953.0
2859 -953.0
2860 -953.0
2861 -953.0
2862 -942.0
2863 -942.0
2864 -942.0
2865 60.0
2866 -952.0
2867 -892.0
2868 68.0
2869 -952.0
2870 -952.0
2871 -952.0
2872 -952.0
2873 -951.0
2874 -891.0
2875 -891.0
2876 -891.0
2877 -951.0
2878 -891.0
2879 -951.0
2880 -951.0
2881 129.0
2882 129.0
2883 -890.0
2884 -950.0
2885 -950.0
2886 -890.0
2887 -950.0
2888 -950.0
2889 -950.0
2890 -950.0
2891 -950.0
2892 62.0
2893 62.0
2894 62.0
2895 70.0
2896 70.0
2897 70.0
2898 -949.0
2899 -949.0
2900 -939.0
2901 -949.0
2902 -889.0
2903 -889.0
2904 -889.0
2905 -888.0
2906 -888.0
2907 -888.0
2908 -888.0
2909 -888.0
2910 -888.0
2911 -948.0
2912 -948.0
2913 -888.0
2914 -948.0
2915 -948.0
2916 -947.0
2917 -947.0
2918 -947.0
2919 -947.0
2920 -947.0
2921 73.0
2922 -937.0
2923 -937.0
2924 -937.0
2925 -936.0
2926 -1119.0
2927 -886.0
2928 -886.0
2929 -886.0
2930 -886.0
2931 -886.0
2932 -886.0
2933 -886.0
2934 -886.0
2935 -886.0
2936 -997.0
2937 -885.0
2938 -885.0
2939 -885.0
2940 74.0
2941 74.0
2942 74.0
2943 74.0
2944 -945.0
2945 -945.0
2946 -945.0
2947 -945.0
2948 -944.0
2949 -944.0
2950 -944.0
2951 -944.0
2952 -934.0
2953 -884.0
2954 -884.0
2955 -884.0
2956 -944.0
2957 -934.0
2958 -933.0
2959 -933.0
2960 -1116.0
2961 -883.0
2962 -883.0
2963 -883.0
2964 -883.0
2965 -883.0
2966 -883.0
2967 -994.0
2968 -883.0
2969 -883.0
2970 -882.0
2971 -942.0
2972 -942.0
2973 -942.0
2974 -942.0
2975 -942.0
2976 -942.0
2977 -942.0
2978 -942.0
2979 -941.0
2980 -941.0
2981 -941.0
2982 -931.0
2983 -931.0
2984 -931.0
2985 -881.0
2986 199.0
2987 -881.0
2988 -880.0
2989 -880.0
2990 -880.0
2991 -880.0
2992 -880.0
2993 -880.0
2994 -940.0
2995 -940.0
2996 -940.0
2997 -1112.0
2998 -930.0
2999 80.0
3000 -1112.0
3001 -991.0
3002 -879.0
3003 -939.0
3004 -939.0
3005 -939.0
3006 -939.0
3007 -939.0
3008 -939.0
3009 -938.0
3010 -938.0
3011 -938.0
3012 -928.0
3013 190.0
3014 -928.0
3015 202.0
3016 -1110.0
3017 -878.0
3018 -878.0
3019 -928.0
3020 -878.0
3021 -877.0
3022 -937.0
3023 -937.0
3024 -937.0
3025 81.0
3026 83.0
3027 79.0
3028 -877.0
3029 -987.0
3030 -877.0
3031 -936.0
3032 -936.0
3033 -936.0
3034 -936.0
3035 -936.0
3036 -936.0
3037 -936.0
3038 -936.0
3039 -936.0
3040 -935.0
3041 -935.0
3042 193.0
3043 204.0
3044 204.0
3045 204.0
3046 -875.0
3047 -875.0
3048 -875.0
3049 -875.0
3050 83.0
3051 83.0
3052 83.0
3053 -935.0
3054 -935.0
3055 -935.0
3056 -935.0
3057 -934.0
3058 -934.0
3059 -934.0
3060 -934.0
3061 -934.0
3062 -985.0
3063 -934.0
3064 -934.0
3065 -874.0
3066 -874.0
3067 -873.0
3068 -873.0
3069 -985.0
3070 -873.0
3071 -873.0
3072 -873.0
3073 -933.0
3074 -933.0
3075 -933.0
3076 -933.0
3077 -933.0
3078 -932.0
3079 -932.0
3080 -932.0
3081 -932.0
3082 -872.0
3083 -932.0
3084 -932.0
3085 -932.0
3086 -872.0
3087 -871.0
3088 -871.0
3089 -931.0
3090 -871.0
3091 -871.0
3092 -871.0
3093 -871.0
3094 -871.0
3095 -871.0
3096 -931.0
3097 -931.0
3098 -930.0
3099 -930.0
3100 -930.0
3101 -930.0
3102 -870.0
3103 -930.0
3104 -930.0
3105 -980.0
3106 -930.0
3107 -929.0
3108 -869.0
3109 -869.0
3110 -869.0
3111 -869.0
3112 -869.0
3113 -869.0
3114 -869.0
3115 -929.0
3116 -869.0
3117 -869.0
3118 -869.0
3119 -868.0
3120 -868.0
3121 -868.0
3122 -868.0
3123 -928.0
3124 -928.0
3125 -928.0
3126 -928.0
3127 -928.0
3128 -927.0
3129 -927.0
3130 -927.0
3131 -927.0
3132 -927.0
3133 -927.0
3134 -927.0
3135 -977.0
3136 -927.0
3137 -926.0
3138 -926.0
3139 -926.0
3140 -926.0
3141 -926.0
3142 -926.0
3143 -926.0
3144 -926.0
3145 -925.0
3146 -925.0
3147 -925.0
3148 -925.0
3149 -925.0
3150 -925.0
3151 -925.0
3152 -925.0
3153 -925.0
3154 -924.0
3155 -924.0
3156 -924.0
3157 -924.0
3158 -924.0
3159 -924.0
3160 -924.0
3161 -924.0
3162 -924.0
3163 -863.0
3164 -923.0
3165 -923.0
3166 -863.0
3167 -863.0
3168 -923.0
3169 -923.0
3170 -863.0
3171 -923.0
3172 -922.0
3173 -922.0
3174 -862.0
3175 -922.0
3176 -922.0
3177 -922.0
3178 -922.0
3179 -922.0
3180 -922.0
3181 -921.0
3182 -921.0
3183 -861.0
3184 -921.0
3185 -921.0
3186 -921.0
3187 -861.0
3188 -861.0
3189 -861.0
3190 -861.0
3191 -921.0
3192 -920.0
3193 -920.0
3194 -920.0
3195 -920.0
3196 -920.0
3197 -920.0
3198 -920.0
3199 -920.0
3200 -920.0
3201 -919.0
3202 -919.0
3203 -919.0
3204 -919.0
3205 -919.0
3206 -919.0
3207 -919.0
3208 -919.0
3209 -919.0
3210 -918.0
3211 -918.0
3212 -858.0
3213 -858.0
3214 -918.0
3215 -918.0
3216 -858.0
3217 -918.0
3218 -858.0
3219 -918.0
3220 -858.0
3221 -918.0
3222 -917.0
3223 -857.0
3224 -857.0
3225 -917.0
3226 -917.0
3227 -917.0
3228 -917.0
3229 -917.0
3230 -917.0
3231 -916.0
3232 -916.0
3233 -916.0
3234 -916.0
3235 -916.0
3236 -856.0
3237 -856.0
3238 -856.0
3239 -856.0
3240 -856.0
3241 -915.0
3242 -915.0
3243 -915.0
3244 -915.0
3245 -915.0
3246 -855.0
3247 -915.0
3248 -915.0
3249 -915.0
3250 -914.0
3251 -914.0
3252 -914.0
3253 -914.0
3254 -914.0
3255 -914.0
3256 -914.0
3257 -914.0
3258 -913.0
3259 -913.0
3260 -913.0
3261 -913.0
3262 -913.0
3263 -913.0
3264 -913.0
3265 -913.0
3266 -913.0
3267 -912.0
3268 -912.0
3269 -912.0
3270 -912.0
3271 -912.0
3272 -912.0
3273 -912.0
3274 -912.0
3275 -912.0
3276 -911.0
3277 -911.0
3278 -911.0
3279 -911.0
3280 -911.0
3281 -911.0
3282 -911.0
3283 -911.0
3284 -910.0
3285 -910.0
3286 -910.0
3287 -910.0
3288 -910.0
3289 -910.0
3290 -910.0
3291 -850.0
3292 -910.0
3293 -909.0
3294 -909.0
3295 -849.0
3296 -909.0
3297 -849.0
3298 -909.0
3299 -909.0
3300 -849.0
3301 -960.0
3302 -849.0
3303 -909.0
3304 -908.0
3305 -908.0
3306 -908.0
3307 -908.0
3308 -908.0
3309 -908.0
3310 -908.0
3311 -908.0
3312 -907.0
3313 -907.0
3314 -907.0
3315 -907.0
3316 -907.0
3317 -907.0
3318 -907.0
3319 -907.0
3320 -907.0
3321 -906.0
3322 -906.0
3323 -906.0
3324 -906.0
3325 -906.0
3326 -906.0
3327 -957.0
3328 -906.0
3329 -906.0
3330 -905.0
3331 -905.0
3332 -905.0
3333 -905.0
3334 -905.0
3335 -905.0
3336 -845.0
3337 -905.0
3338 -845.0
3339 -904.0
3340 -904.0
3341 -844.0
3342 -904.0
3343 -904.0
3344 -904.0
3345 -904.0
3346 -904.0
3347 -904.0
3348 -903.0
3349 -903.0
3350 -903.0
3351 -903.0
3352 -903.0
3353 -903.0
3354 -903.0
3355 -843.0
3356 -903.0
3357 -902.0
3358 -842.0
3359 -842.0
3360 -842.0
3361 -842.0
3362 -902.0
3363 -902.0
3364 -902.0
3365 -902.0
3366 -902.0
3367 -901.0
3368 -901.0
3369 -901.0
3370 -901.0
3371 -901.0
3372 -901.0
3373 -901.0
3374 -901.0
3375 -901.0
3376 -900.0
3377 -900.0
3378 -900.0
3379 -900.0
3380 -900.0
3381 -900.0
3382 -900.0
3383 -900.0
3384 -899.0
3385 -899.0
3386 -899.0
3387 -899.0
3388 -899.0
3389 -899.0
3390 -899.0
3391 -899.0
3392 -899.0
3393 -898.0
3394 -898.0
3395 -898.0
3396 -898.0
3397 -838.0
3398 -898.0
3399 -898.0
3400 -898.0
3401 -897.0
3402 -897.0
3403 -897.0
3404 -897.0
3405 -897.0
3406 -887.0
3407 -837.0
3408 -897.0
3409 -897.0
3410 -896.0
3411 -896.0
3412 -896.0
3413 -896.0
3414 -896.0
3415 -896.0
3416 -896.0
3417 -896.0
3418 -896.0
3419 -895.0
3420 -895.0
3421 -895.0
3422 -895.0
3423 -895.0
3424 -895.0
3425 -895.0
3426 -835.0
3427 -835.0
3428 -835.0
3429 -834.0
3430 -834.0
3431 -894.0
3432 -894.0
3433 -834.0
3434 -894.0
3435 -894.0
3436 -894.0
3437 -834.0
3438 -894.0
3439 -833.0
3440 -893.0
3441 -893.0
3442 -893.0
3443 -893.0
3444 -893.0
3445 -943.0
3446 -893.0
3447 -893.0
3448 -892.0
3449 -892.0
3450 -892.0
3451 -892.0
3452 -892.0
3453 -892.0
3454 -892.0
3455 -892.0
3456 -891.0
3457 -831.0
3458 -831.0
3459 -891.0
3460 -891.0
3461 -831.0
3462 -891.0
3463 -891.0
3464 -891.0
3465 -831.0
3466 -890.0
3467 -942.0
3468 -890.0
3469 -890.0
3470 -890.0
3471 -890.0
3472 -890.0
3473 -890.0
3474 -890.0
3475 -889.0
3476 -889.0
3477 -829.0
3478 -829.0
3479 -829.0
3480 -829.0
3481 -829.0
3482 -829.0
3483 -889.0
3484 -889.0
3485 -889.0
3486 -888.0
3487 -888.0
3488 -888.0
3489 -828.0
3490 -888.0
3491 -888.0
3492 -828.0
3493 -888.0
3494 -939.0
3495 -888.0
3496 -887.0
3497 -887.0
3498 -887.0
3499 -887.0
3500 -887.0
3501 -887.0
3502 -887.0
3503 -887.0
3504 -826.0
3505 -826.0
3506 -826.0
3507 -826.0
3508 -886.0
3509 -826.0
3510 -826.0
3511 -826.0
3512 -826.0
3513 -886.0
3514 -886.0
3515 -885.0
3516 -885.0
3517 -885.0
3518 -885.0
3519 -885.0
3520 -885.0
3521 -885.0
3522 -825.0
3523 -885.0
3524 -884.0
3525 -884.0
3526 -884.0
3527 -884.0
3528 -884.0
3529 -884.0
3530 -884.0
3531 -884.0
3532 -884.0
3533 -883.0
3534 -823.0
3535 -823.0
3536 -823.0
3537 -823.0
3538 -883.0
3539 -823.0
3540 -823.0
3541 -823.0
3542 -823.0
3543 -883.0
3544 -882.0
3545 -882.0
3546 -882.0
3547 -882.0
3548 -882.0
3549 -882.0
3550 -882.0
3551 -882.0
3552 -881.0
3553 -821.0
3554 -881.0
3555 -821.0
3556 -881.0
3557 -821.0
3558 -881.0
3559 -881.0
3560 -881.0
3561 -821.0
3562 -820.0
3563 -880.0
3564 -820.0
3565 -820.0
3566 -820.0
3567 -880.0
3568 -880.0
3569 -880.0
3570 -880.0
3571 -880.0
3572 -879.0
3573 -879.0
3574 -879.0
3575 -879.0
3576 -879.0
3577 -879.0
3578 -879.0
3579 -879.0
3580 -879.0
3581 -878.0
3582 -818.0
3583 -878.0
3584 -818.0
3585 -818.0
3586 -818.0
3587 -818.0
3588 -878.0
3589 -878.0
3590 -878.0
3591 -817.0
3592 -877.0
3593 -817.0
3594 -817.0
3595 -817.0
3596 -817.0
3597 -877.0
3598 -877.0
3599 -877.0
3600 -877.0
3601 -876.0
3602 -876.0
3603 -876.0
3604 -876.0
3605 -876.0
3606 -876.0
3607 -876.0
3608 -876.0
3609 -875.0
3610 -875.0
3611 -875.0
3612 -875.0
3613 -875.0
3614 -875.0
3615 -815.0
3616 -815.0
3617 -815.0
3618 -815.0
3619 -815.0
3620 -874.0
3621 -814.0
3622 -874.0
3623 -874.0
3624 -874.0
3625 -874.0
3626 -874.0
3627 -874.0
3628 -874.0
3629 -873.0
3630 -873.0
3631 -873.0
3632 -873.0
3633 -873.0
3634 -813.0
3635 -873.0
3636 -873.0
3637 -813.0
3638 -812.0
3639 -812.0
3640 -812.0
3641 -812.0
3642 -812.0
3643 -812.0
3644 -812.0
3645 -812.0
3646 -812.0
3647 -872.0
3648 -812.0
3649 -861.0
3650 -811.0
3651 -871.0
3652 -811.0
3653 -871.0
3654 -871.0
3655 -871.0
3656 -871.0
3657 -871.0
3658 -870.0
3659 -870.0
3660 -810.0
3661 -810.0
3662 -810.0
3663 -870.0
3664 -870.0
3665 -870.0
3666 -810.0
3667 -810.0
3668 -870.0
3669 -869.0
3670 -859.0
3671 -869.0
3672 -809.0
3673 -809.0
3674 -809.0
3675 -809.0
3676 -869.0
3677 -809.0
3678 -809.0
3679 -809.0
3680 -868.0
3681 -808.0
3682 -868.0
3683 151.0
3684 -868.0
3685 -868.0
3686 -868.0
3687 -868.0
3688 -868.0
3689 -867.0
3690 -807.0
3691 -807.0
3692 -807.0
3693 -807.0
3694 -807.0
3695 -807.0
3696 -807.0
3697 -857.0
3698 -867.0
3699 -807.0
3700 -867.0
3701 -806.0
3702 -806.0
3703 -806.0
3704 -806.0
3705 -806.0
3706 -806.0
3707 -806.0
3708 -806.0
3709 -806.0
3710 -806.0
3711 -806.0
3712 154.0
3713 154.0
3714 154.0
3715 -865.0
3716 -865.0
3717 -865.0
3718 -865.0
3719 -805.0
3720 -805.0
3721 -865.0
3722 -865.0
3723 -805.0
3724 -805.0
3725 -804.0
3726 -804.0
3727 -804.0
3728 -804.0
3729 -804.0
3730 -804.0
3731 -804.0
3732 -804.0
3733 -804.0
3734 -804.0
3735 -804.0
3736 -804.0
3737 -804.0
3738 -804.0
3739 -863.0
3740 -803.0
3741 -803.0
3742 -863.0
3743 -803.0
3744 -803.0
3745 -803.0
3746 -863.0
3747 -863.0
3748 -863.0
3749 -862.0
3750 -862.0
3751 -862.0
3752 -802.0
3753 -802.0
3754 -802.0
3755 -802.0
3756 -862.0
3757 -802.0
3758 -802.0
3759 -802.0
3760 -801.0
3761 -801.0
3762 -801.0
3763 -801.0
3764 -801.0
3765 -801.0
3766 -801.0
3767 -801.0
3768 -801.0
3769 -801.0
3770 -801.0
3771 -861.0
3772 -801.0
3773 -800.0
3774 -800.0
3775 -800.0
3776 -800.0
3777 -800.0
3778 -860.0
3779 -800.0
3780 -800.0
3781 -800.0
3782 -860.0
3783 -860.0
3784 -799.0
3785 -799.0
3786 -799.0
3787 -799.0
3788 -799.0
3789 -859.0
3790 -799.0
3791 -799.0
3792 -799.0
3793 -799.0
3794 -799.0
3795 -799.0
3796 -799.0
3797 -798.0
3798 -798.0
3799 -798.0
3800 -798.0
3801 -798.0
3802 -798.0
3803 -798.0
3804 -798.0
3805 -798.0
3806 282.0
3807 -858.0
3808 -798.0
3809 -857.0
3810 -857.0
3811 -857.0
3812 -857.0
3813 -857.0
3814 -797.0
3815 -797.0
3816 -797.0
3817 -797.0
3818 -797.0
3819 -797.0
3820 -796.0
3821 -846.0
3822 349.0
3823 601.0
3824 602.0
3825 604.0
3826 606.0
3827 155.0
3828 204.0
3829 605.0
3830 229.0
3831 155.0
3832 607.0
3833 147.0
3834 609.0
3835 610.0
3836 612.0
3837 174.0
3838 612.0
3839 159.0
3840 236.0
3841 236.0
3842 614.0
3843 238.0
3844 616.0
3845 618.0
3846 158.0
3847 619.0
3848 621.0
3849 623.0
3850 624.0
3851 164.0
3852 626.0
3853 627.0
3854 629.0
3855 631.0
3856 254.0
3857 633.0
3858 256.0
3859 634.0
3860 636.0
3861 638.0
3862 639.0
3863 641.0
3864 643.0
3865 644.0
3866 646.0
3867 648.0
3868 649.0
3869 649.0
3870 211.0
3871 397.0
3872 194.0
3873 649.0
3874 650.0
3875 652.0
3876 654.0
3877 655.0
3878 -854.0
3879 -853.0
3880 657.0
3881 197.0
3882 659.0
3883 278.0
3884 278.0
3885 281.0
3886 281.0
3887 281.0
3888 281.0
3889 281.0
3890 281.0
3891 281.0
3892 281.0
3893 281.0
3894 281.0
3895 282.0
3896 282.0
3897 282.0
3898 284.0
3899 285.0
3900 285.0
3901 285.0
3902 285.0
3903 285.0
3904 227.0
3905 285.0
3906 285.0
3907 285.0
3908 285.0
3909 285.0
3910 285.0
3911 286.0
3912 285.0
3913 286.0
3914 288.0
3915 288.0
3916 289.0
3917 289.0
3918 289.0
3919 289.0
3920 289.0
3921 289.0
3922 289.0
3923 289.0
3924 289.0
3925 289.0
3926 289.0
3927 289.0
3928 290.0
3929 290.0
3930 292.0
3931 292.0
3932 290.0
3933 293.0
3934 293.0
3935 293.0
3936 293.0
3937 293.0
3938 293.0
3939 293.0
3940 293.0
3941 293.0
3942 293.0
3943 293.0
3944 -867.0
3945 -867.0
3946 -410.0
3947 -411.0
3948 -411.0
3949 -867.0
3950 -867.0
3951 -480.0
3952 -103.0
3953 -103.0
3954 -103.0
3955 -103.0
3956 -480.0
3957 -867.0
3958 -867.0
3959 -867.0
3960 -867.0
3961 -867.0
3962 -867.0
3963 -411.0
3964 -867.0
3965 -411.0
3966 -868.0
3967 -808.0
3968 -868.0
3969 -412.0
3970 -868.0
3971 -412.0
3972 -412.0
3973 -868.0
3974 -868.0
3975 -868.0
3976 -868.0
3977 -412.0
3978 -412.0
3979 -412.0
3980 -869.0
3981 -869.0
3982 -869.0
3983 -412.0
3984 -105.0
3985 -519.0
3986 -869.0
3987 -869.0
3988 -869.0
3989 -868.0
3990 -868.0
3991 -868.0
3992 -868.0
3993 -868.0
3994 -868.0
3995 -412.0
3996 -869.0
3997 -869.0
3998 -869.0
3999 -413.0
4000 -413.0
4001 -413.0
4002 -105.0
4003 -105.0
4004 -105.0
4005 -869.0
4006 -869.0
4007 -413.0
4008 -413.0
4009 -414.0
4010 -870.0
4011 -870.0
4012 -413.0
4013 -106.0
4014 -479.0
4015 -106.0
4016 -870.0
4017 -870.0
4018 -870.0
4019 -869.0
4020 -869.0
4021 -869.0
4022 -869.0
4023 -869.0
4024 -869.0
4025 -413.0
4026 -870.0
4027 -414.0
4028 -870.0
4029 -870.0
4030 -414.0
4031 -106.0
4032 -106.0
4033 -106.0
4034 -106.0
4035 -870.0
4036 -870.0
4037 -870.0
4038 -413.0
4039 -414.0
4040 -414.0
4041 -871.0
4042 -871.0
4043 -871.0
4044 -414.0
4045 -871.0
4046 -106.0
4047 -483.0
4048 -107.0
4049 -870.0
4050 -870.0
4051 -870.0
4052 -870.0
4053 -870.0
4054 -870.0
4055 -870.0
4056 -414.0
4057 -870.0
4058 -870.0
4059 -870.0
4060 -870.0
4061 -106.0
4062 -106.0
4063 -520.0
4064 -870.0
4065 -870.0
4066 -870.0
4067 -413.0
4068 -414.0
4069 -414.0
4070 -870.0
4071 -870.0
4072 -414.0
4073 -414.0
4074 -107.0
4075 -107.0
4076 -414.0
4077 -415.0
4078 -415.0
4079 -415.0
4080 -871.0
4081 -415.0
4082 -872.0
4083 -872.0
4084 -416.0
4085 -416.0
4086 -108.0
4087 -108.0
4088 -108.0
4089 -108.0
4090 -485.0
4091 -485.0
4092 -108.0
4093 -108.0
4094 -108.0
4095 -872.0
4096 -871.0
4097 -871.0
4098 -415.0
4099 -415.0
4100 -416.0
4101 -872.0
4102 -416.0
4103 -872.0
4104 -416.0
4105 -416.0
4106 -108.0
4107 -108.0
4108 -872.0
4109 -872.0
4110 -872.0
4111 -107.0
4112 -872.0
4113 -872.0
4114 -415.0
4115 -871.0
4116 -871.0
4117 -871.0
4118 -871.0
4119 -871.0
4120 -871.0
4121 -871.0
4122 -871.0
4123 -871.0
4124 -871.0
4125 -871.0
4126 -931.0
4127 -870.0
4128 -414.0
4129 -414.0
4130 -415.0
4131 -415.0
4132 -415.0
4133 -415.0
4134 -415.0
4135 -107.0
4136 -106.0
4137 -871.0
4138 -106.0
4139 -415.0
4140 -871.0
4141 -415.0
4142 -107.0
4143 -415.0
4144 -415.0
4145 -871.0
4146 -871.0
4147 -871.0
4148 -871.0
4149 -871.0
4150 -871.0
4151 -483.0
4152 -414.0
4153 -414.0
4154 -106.0
4155 -871.0
4156 -871.0
4157 -870.0
4158 -414.0
4159 -414.0
4160 -415.0
4161 -415.0
4162 -415.0
4163 -415.0
4164 -107.0
4165 -106.0
4166 -106.0
4167 -106.0
4168 -106.0
4169 -106.0
4170 -106.0
4171 -106.0
4172 -415.0
4173 -415.0
4174 -414.0
4175 -871.0
4176 -415.0
4177 -871.0
4178 -871.0
4179 -871.0
4180 -415.0
4181 -415.0
4182 -871.0
4183 -871.0
4184 -414.0
4185 -871.0
4186 -871.0
4187 -871.0
4188 -871.0
4189 -414.0
4190 -415.0
4191 -415.0
4192 -415.0
4193 -415.0
4194 -107.0
4195 -107.0
4196 -871.0
4197 -415.0
4198 -415.0
4199 -871.0
4200 -871.0
4201 -106.0
4202 -871.0
4203 -415.0
4204 -871.0
4205 -415.0
4206 -871.0
4207 -871.0
4208 -871.0
4209 -871.0
4210 -871.0
4211 -871.0
4212 -415.0
4213 -415.0
4214 -415.0
4215 -871.0
4216 -483.0
4217 -871.0
4218 -414.0
4219 -415.0
4220 -415.0
4221 -415.0
4222 -415.0
4223 -108.0
4224 -107.0
4225 -107.0
4226 -107.0
4227 -416.0
4228 -484.0
4229 -484.0
4230 -484.0
4231 -107.0
4232 -415.0
4233 -872.0
4234 -416.0
4235 -107.0
4236 -416.0
4237 -872.0
4238 -107.0
4239 -416.0
4240 -872.0
4241 -107.0
4242 -416.0
4243 -416.0
4244 -485.0
4245 -485.0
4246 -872.0
4247 -872.0
4248 -416.0
4249 -416.0
4250 -416.0
4251 -417.0
4252 -417.0
4253 -417.0
4254 -418.0
4255 -418.0
4256 -418.0
4257 -110.0
4258 -110.0
4259 -110.0
4260 -110.0
4261 -492.0
4262 -487.0
4263 -874.0
4264 -418.0
4265 -110.0
4266 -110.0
4267 -875.0
4268 -110.0
4269 -418.0
4270 -110.0
4271 -110.0
4272 -492.0
4273 -110.0
4274 -874.0
4275 -487.0
4276 -487.0
4277 -487.0
4278 -418.0
4279 -418.0
4280 -419.0
4281 -419.0
4282 -420.0
4283 -420.0
4284 -420.0
4285 -360.0
4286 -420.0
4287 -421.0
4288 -113.0
4289 -490.0
4290 -490.0
4291 -421.0
4292 -113.0
4293 -113.0
4294 -877.0
4295 -520.0
4296 -113.0
4297 -877.0
4298 -113.0
4299 -421.0
4300 -113.0
4301 -421.0
4302 -112.0
4303 -877.0
4304 -112.0
4305 -490.0
4306 -489.0
4307 -421.0
4308 -421.0
4309 -421.0
4310 -421.0
4311 -422.0
4312 -422.0
4313 -363.0
4314 -423.0
4315 -423.0
4316 -115.0
4317 -115.0
4318 -880.0
4319 -879.0
4320 -115.0
4321 -879.0
4322 -492.0
4323 -879.0
4324 -115.0
4325 -114.0
4326 -114.0
4327 -114.0
4328 -114.0
4329 -114.0
4330 -114.0
4331 -114.0
4332 -114.0
4333 -879.0
4334 -114.0
4335 -491.0
4336 -819.0
4337 -422.0
4338 -423.0
4339 -423.0
4340 -424.0
4341 -424.0
4342 -425.0
4343 -365.0
4344 -425.0
4345 -881.0
4346 -117.0
4347 -881.0
4348 -117.0
4349 -425.0
4350 -426.0
4351 -494.0
4352 -499.0
4353 -494.0
4354 -494.0
4355 -882.0
4356 -117.0
4357 -882.0
4358 -117.0
4359 -499.0
4360 -425.0
4361 -499.0
4362 -117.0
4363 -425.0
4364 -881.0
4365 -494.0
4366 -494.0
4367 -425.0
4368 -425.0
4369 -426.0
4370 -366.0
4371 -426.0
4372 -427.0
4373 -118.0
4374 -427.0
4375 -119.0
4376 -119.0
4377 -427.0
4378 -119.0
4379 -119.0
4380 -119.0
4381 -883.0
4382 -119.0
4383 -118.0
4384 -118.0
4385 -118.0
4386 -500.0
4387 -883.0
4388 -118.0
4389 -883.0
4390 -495.0
4391 -118.0
4392 -118.0
4393 -118.0
4394 -119.0
4395 -495.0
4396 -495.0
4397 -426.0
4398 -492.0
4399 -427.0
4400 -427.0
4401 -428.0
4402 -428.0
4403 -368.0
4404 -589.0
4405 -428.0
4406 -885.0
4407 -120.0
4408 -120.0
4409 -120.0
4410 -885.0
4411 -120.0
4412 -120.0
4413 -120.0
4414 -428.0
4415 -120.0
4416 -120.0
4417 -884.0
4418 -120.0
4419 -120.0
4420 -120.0
4421 -120.0
4422 -120.0
4423 -120.0
4424 -120.0
4425 -497.0
4426 -497.0
4427 -428.0
4428 -428.0
4429 -429.0
4430 -429.0
4431 -429.0
4432 -826.0
4433 -370.0
4434 -370.0
4435 -430.0
4436 -887.0
4437 -431.0
4438 -122.0
4439 -123.0
4440 -122.0
4441 -887.0
4442 -122.0
4443 -887.0
4444 -122.0
4445 -887.0
4446 -430.0
4447 -122.0
4448 -499.0
4449 -559.0
4450 -122.0
4451 -887.0
4452 -430.0
4453 -886.0
4454 -122.0
4455 -499.0
4456 -430.0
4457 -430.0
4458 -431.0
4459 -371.0
4460 -431.0
4461 -888.0
4462 -123.0
4463 -123.0
4464 -123.0
4465 -887.0
4466 -123.0
4467 -123.0
4468 -123.0
4469 -827.0
4470 729.0
4471 -826.0
4472 -826.0
4473 -826.0
4474 -499.0
4475 -429.0
4476 -438.0
4477 -369.0
4478 -438.0
4479 -946.0
4480 731.0
4481 -825.0
4482 -824.0
4483 -824.0
4484 -824.0
4485 345.0
4486 343.0
4487 341.0
4488 -56.0
4489 -58.0
4490 -60.0
4491 -58.0
4492 -60.0
4493 -58.0
4494 343.0
4495 -58.0
4496 -56.0
4497 -916.0
4498 342.0
4499 341.0
4500 342.0
4501 342.0
4502 344.0
4503 -53.0
4504 -52.0
4505 348.0
4506 -53.0
4507 -55.0
4508 344.0
4509 -53.0
4510 -51.0
4511 348.0
4512 348.0
4513 -49.0
4514 350.0
4515 277.0
4516 348.0
4517 347.0
4518 345.0
4519 343.0
4520 341.0
4521 343.0
4522 -54.0
4523 -52.0
4524 345.0
4525 345.0
4526 -540.0
4527 345.0
4528 -912.0
4529 346.0
4530 347.0
4531 346.0
4532 346.0
4533 348.0
4534 -49.0
4535 348.0
4536 350.0
4537 348.0
4538 346.0
4539 344.0
4540 344.0
4541 -915.0
4542 344.0
4543 345.0
4544 -56.0
4545 343.0
4546 343.0
4547 341.0
4548 -916.0
4549 343.0
4550 343.0
4551 -54.0
4552 345.0
4553 -56.0
4554 344.0
4555 342.0
4556 344.0
4557 342.0
4558 344.0
4559 342.0
4560 340.0
4561 -61.0
4562 336.0
4563 334.0
4564 333.0
4565 -925.0
4566 332.0
4567 -924.0
4568 202.0
4569 333.0
4570 -924.0
4571 -924.0
4572 333.0
4573 331.0
4574 331.0
4575 331.0
4576 333.0
4577 -64.0
4578 335.0
4579 334.0
4580 334.0
4581 -925.0
4582 332.0
4583 332.0
4584 332.0
4585 336.0
4586 334.0
4587 334.0
4588 203.0
4589 334.0
4590 334.0
4591 336.0
4592 336.0
4593 336.0
4594 -61.0
4595 339.0
4596 339.0
4597 337.0
4598 337.0
4599 337.0
4600 -64.0
4601 -66.0
4602 333.0
4603 333.0
4604 -67.0
4605 332.0
4606 332.0
4607 332.0
4608 334.0
4609 332.0
4610 330.0
4611 332.0
4612 330.0
4613 332.0
4614 330.0
4615 329.0
4616 327.0
4617 329.0
4618 -72.0
4619 327.0
4620 -70.0
4621 329.0
4622 -72.0
4623 -70.0
4624 -930.0
4625 329.0
4626 -930.0
4627 329.0
4628 -71.0
4629 326.0
4630 326.0
4631 -75.0
4632 -73.0
4633 -71.0
4634 -69.0
4635 330.0
4636 330.0
4637 330.0
4638 330.0
4639 -69.0
4640 330.0
4641 329.0
4642 329.0
4643 327.0
4644 329.0
4645 327.0
4646 325.0
4647 323.0
4648 325.0
4649 327.0
4650 325.0
4651 323.0
4652 325.0
4653 324.0
4654 322.0
4655 320.0
4656 318.0
4657 316.0
4658 314.0
4659 316.0
4660 318.0
4661 320.0
4662 320.0
4663 -81.0
4664 319.0
4665 -82.0
4666 317.0
4667 317.0
4668 317.0
4669 317.0
4670 317.0
4671 315.0
4672 -85.0
4673 314.0
4674 312.0
4675 -89.0
4676 308.0
4677 308.0
4678 310.0
4679 -1009.0
4680 312.0
4681 310.0
4682 312.0
4683 310.0
4684 309.0
4685 309.0
4686 -92.0
4687 305.0
4688 303.0
4689 305.0
4690 303.0
4691 301.0
4692 300.0
4693 298.0
4694 296.0
4695 294.0
4696 294.0
4697 294.0
4698 296.0
4699 296.0
4700 294.0
4701 295.0
4702 295.0
4703 295.0
4704 295.0
4705 293.0
4706 291.0
4707 289.0
4708 289.0
4709 288.0
4710 286.0
4711 288.0
4712 286.0
4713 288.0
4714 286.0
4715 284.0
4716 282.0
4717 280.0
4718 278.0
4719 277.0
4720 275.0
4721 273.0
4722 271.0
4723 273.0
4724 271.0
4725 269.0
4726 269.0
4727 270.0
4728 270.0
4729 -131.0
4730 -129.0
4731 270.0
4732 272.0
4733 -987.0
4734 -987.0
4735 272.0
4736 270.0
4737 268.0
4738 270.0
4739 272.0
4740 272.0
4741 -129.0
4742 -130.0
4743 269.0
4744 269.0
4745 267.0
4746 265.0
4747 263.0
4748 265.0
4749 265.0
4750 266.0
4751 -135.0
4752 262.0
4753 -135.0
4754 -133.0
4755 266.0
4756 266.0
4757 266.0
4758 264.0
4759 262.0
4760 262.0
4761 263.0
4762 261.0
4763 259.0
4764 259.0
4765 -142.0
4766 257.0
4767 -140.0
4768 259.0
4769 -138.0
4770 261.0
4771 261.0
4772 260.0
4773 258.0
4774 258.0
4775 -1001.0
4776 256.0
4777 254.0
4778 256.0
4779 258.0
4780 260.0
4781 262.0
4782 262.0
4783 262.0
4784 262.0
4785 -139.0
4786 261.0
4787 262.0
4788 261.0
4789 263.0
4790 261.0
4791 263.0
4792 -1056.0
4793 263.0
4794 -134.0
4795 -136.0
4796 261.0
4797 259.0
4798 258.0
4799 256.0
4800 254.0
4801 252.0
4802 250.0
4803 250.0
4804 250.0
4805 -147.0
4806 -148.0
4807 249.0
4808 247.0
4809 245.0
4810 243.0
4811 241.0
4812 239.0
4813 238.0
4814 236.0
4815 234.0
4816 234.0
4817 236.0
4818 234.0
4819 234.0
4820 232.0
4821 230.0
4822 232.0
4823 231.0
4824 232.0
4825 233.0
4826 235.0
4827 237.0
4828 235.0
4829 233.0
4830 231.0
4831 229.0
4832 229.0
4833 227.0
4834 229.0
4835 228.0
4836 226.0
4837 224.0
4838 222.0
4839 220.0
4840 218.0
4841 216.0
4842 215.0
4843 213.0
4844 215.0
4845 217.0
4846 217.0
4847 217.0
4848 -1042.0
4849 219.0
4850 221.0
4851 219.0
4852 217.0
4853 215.0
4854 213.0
4855 214.0
4856 -183.0
4857 -182.0
4858 216.0
4859 214.0
4860 212.0
4861 210.0
4862 210.0
4863 208.0
4864 209.0
4865 -1051.0
4866 209.0
4867 207.0
4868 205.0
4869 203.0
4870 201.0
4871 199.0
4872 198.0
4873 196.0
4874 194.0
4875 192.0
4876 192.0
4877 -1067.0
4878 194.0
4879 192.0
4880 192.0
4881 -208.0
4882 189.0
4883 187.0
4884 187.0
4885 -214.0
4886 183.0
4887 181.0
4888 181.0
4889 182.0
4890 183.0
4891 185.0
4892 184.0
4893 182.0
4894 180.0
4895 178.0
4896 176.0
4897 -1143.0
4898 175.0
4899 173.0
4900 171.0
4901 -1148.0
4902 169.0
4903 167.0
4904 165.0
4905 -235.0
4906 162.0
4907 160.0
4908 158.0
4909 156.0
4910 -1103.0
4911 154.0
4912 153.0
4913 151.0
4914 149.0
4915 147.0
4916 145.0
4917 143.0
4918 -1116.0
4919 -1117.0
4920 -1116.0
4921 -1116.0
4922 -1117.0
4923 142.0
4924 -1115.0
4925 -1115.0
4926 -1115.0
4927 -1117.0
4928 -1115.0
4929 -1115.0
4930 -1115.0
4931 -1116.0
4932 -1115.0
4933 -1115.0
4934 142.0
4935 142.0
4936 -1115.0
4937 144.0
4938 -1115.0
4939 -1115.0
4940 -1116.0
4941 143.0
4942 -1114.0
4943 -1114.0
4944 -1114.0
4945 -1114.0
4946 -1115.0
4947 -1115.0
4948 -1114.0
4949 -1114.0
4950 -1114.0
4951 144.0
4952 -1114.0
4953 -1114.0
4954 -1115.0
4955 -1115.0
4956 -1114.0
4957 -1114.0
4958 -1114.0
4959 -1113.0
4960 -1113.0
4961 -1113.0
4962 -1115.0
4963 144.0
4964 -1113.0
4965 -1113.0
4966 146.0
4967 143.0
4968 144.0
4969 144.0
4970 -1115.0
4971 -1116.0
4972 -1115.0
4973 -1174.0
4974 -1114.0
4975 -1114.0
4976 -1114.0
4977 -1114.0
4978 -1114.0
4979 -1114.0
4980 143.0
4981 -1114.0
4982 -1115.0
4983 -1114.0
4984 -1114.0
4985 -1114.0
4986 -1114.0
4987 -1114.0
4988 -1115.0
4989 143.0
4990 -1114.0
4991 -1113.0
4992 -1113.0
4993 146.0
4994 -1113.0
4995 -1114.0
4996 -1113.0
4997 -1113.0
4998 -1113.0
4999 -1113.0
5000 -1114.0
5001 -1173.0
5002 -1113.0
5003 -1113.0
5004 -1113.0
5005 -1113.0
5006 -1112.0
5007 -1112.0
5008 -1114.0
5009 -1112.0
5010 -1112.0
5011 -1112.0
5012 -1112.0
5013 -1113.0
5014 -1112.0
5015 -1112.0
5016 -1112.0
5017 -1112.0
5018 -1113.0
5019 -1113.0
5020 145.0
5021 -1113.0
5022 145.0
5023 -1113.0
5024 -1113.0
5025 -1113.0
5026 -1111.0
5027 -1111.0
5028 -1111.0
5029 -1111.0
5030 -1111.0
5031 -1111.0
5032 -1112.0
5033 148.0
5034 148.0
5035 -1111.0
5036 146.0
5037 147.0
5038 -1112.0
5039 76.0
5040 -1111.0
5041 -1110.0
5042 -1110.0
5043 -1110.0
5044 81.0
5045 -1110.0
5046 -1111.0
5047 148.0
5048 -1110.0
5049 -1110.0
5050 -1110.0
5051 -1110.0
5052 -1110.0
5053 147.0
5054 -1110.0
5055 -1110.0
5056 -1110.0
5057 -1110.0
5058 -1110.0
5059 -1109.0
5060 -1109.0
5061 -1109.0
5062 -1109.0
5063 -1109.0
5064 -1109.0
5065 -1110.0
5066 -1109.0
5067 -1110.0
5068 -1109.0
5069 -1109.0
5070 -1109.0
5071 -1110.0
5072 -1109.0
5073 -1109.0
5074 -1109.0
5075 -1109.0
5076 -1108.0
5077 -1108.0
5078 -1108.0
5079 -1108.0
5080 -1108.0
5081 -1108.0
5082 -1108.0
5083 -1108.0
5084 -1108.0
5085 -1108.0
5086 -1108.0
5087 -1109.0
5088 -1108.0
5089 -1108.0
5090 -1109.0
5091 -1108.0
5092 -1108.0
5093 -1107.0
5094 -1107.0
5095 -1107.0
5096 -1107.0
5097 -1107.0
5098 -1107.0
5099 -1107.0
5100 -1107.0
5101 -1107.0
5102 -1107.0
5103 -1107.0
5104 -1107.0
5105 154.0
5106 -1105.0
5107 -1105.0
5108 -1106.0
5109 -1106.0
5110 -1105.0
5111 -1106.0
5112 -1106.0
5113 -1104.0
5114 -1106.0
5115 22.0
5116 -1104.0
5117 -1104.0
5118 -1104.0
5119 -1104.0
5120 -1104.0
5121 -1105.0
5122 -1105.0
5123 -1104.0
5124 -1104.0
5125 -1105.0
5126 -1104.0
5127 -1104.0
5128 -1104.0
5129 -1103.0
5130 -1103.0
5131 -1103.0
5132 -1103.0
5133 -1103.0
5134 -1103.0
5135 -1103.0
5136 -1103.0
5137 -1103.0
5138 -1104.0
5139 -1103.0
5140 -1104.0
5141 -1104.0
5142 -1103.0
5143 -1104.0
5144 23.0
5145 23.0
5146 -1102.0
5147 -1102.0
5148 157.0
5149 -1102.0
5150 -1102.0
5151 155.0
5152 -1102.0
5153 -1102.0
5154 -1102.0
5155 -1102.0
5156 -1102.0
5157 -1102.0
5158 -1102.0
5159 -1102.0
5160 -1102.0
5161 24.0
5162 24.0
5163 -1103.0
5164 -1103.0
5165 -1102.0
5166 -1101.0
5167 -1101.0
5168 -1101.0
5169 -1101.0
5170 -1101.0
5171 -1101.0
5172 -1101.0
5173 -1101.0
5174 -1101.0
5175 -1101.0
5176 -1101.0
5177 -1101.0
5178 -1101.0
5179 -1100.0
5180 -1100.0
5181 -1102.0
5182 -1100.0
5183 -1100.0
5184 -1100.0
5185 -1100.0
5186 -1100.0
5187 -1100.0
5188 -1100.0
5189 -1100.0
5190 -1100.0
5191 -1101.0
5192 -1101.0
5193 -1100.0
5194 -1100.0
5195 -1100.0
5196 -1100.0
5197 -1099.0
5198 -1099.0
5199 -1099.0
5200 -1099.0
5201 -1099.0
5202 -1099.0
5203 -1099.0
5204 -1099.0
5205 -1099.0
5206 -1099.0
5207 -1099.0
5208 -1099.0
5209 -1099.0
5210 159.0
5211 -1099.0
5212 -1099.0
5213 -1099.0
5214 -1098.0
5215 -1098.0
5216 -1098.0
5217 -1098.0
5218 -1098.0
5219 161.0
5220 -1098.0
5221 -1099.0
5222 -1099.0
5223 28.0
5224 -1098.0
5225 -1098.0
5226 -1098.0
5227 -1098.0
5228 -1098.0
5229 -1157.0
5230 -1097.0
5231 -1097.0
5232 -1097.0
5233 -1097.0
5234 -1097.0
5235 -235.0
5236 -1095.0
5237 -1095.0
5238 -1095.0
5239 -1095.0
5240 -1096.0
5241 -1095.0
5242 -1095.0
5243 -1095.0
5244 -1095.0
5245 -1095.0
5246 -1095.0
5247 -1094.0
5248 -1094.0
5249 -1094.0
5250 -1094.0
5251 -1095.0
5252 -1094.0
5253 -1094.0
5254 -1094.0
5255 -1154.0
5256 -1094.0
5257 -1094.0
5258 -1094.0
5259 -1094.0
5260 -1094.0
5261 -235.0
5262 -1155.0
5263 -237.0
5264 -1157.0
5265 -1097.0
5266 -1097.0
5267 -1097.0
5268 -1097.0
5269 -1097.0
5270 -1097.0
5271 -1097.0
5272 -1097.0
5273 -1097.0
5274 -1096.0
5275 -1096.0
5276 -1096.0
5277 -1096.0
5278 -1097.0
5279 -1097.0
5280 -1097.0
5281 -1096.0
5282 95.0
5283 -1096.0
5284 -238.0
5285 -1158.0
5286 -1098.0
5287 -1098.0
5288 -1098.0
5289 -1097.0
5290 -1157.0
5291 -235.0
5292 -1095.0
5293 -1095.0
5294 -1095.0
5295 162.0
5296 -1097.0
5297 -1097.0
5298 -1097.0
5299 -1097.0
5300 -1097.0
5301 -1097.0
5302 -1097.0
5303 -1098.0
5304 -1099.0
5305 -1098.0
5306 -1099.0
5307 -1096.0
5308 -1096.0
5309 -1096.0
5310 -1096.0
5311 -238.0
5312 -1098.0
5313 -1098.0
5314 -1098.0
5315 -1098.0
5316 -1098.0
5317 -1098.0
5318 160.0
5319 -238.0
5320 160.0
5321 92.0
5322 -1099.0
5323 -1101.0
5324 -1099.0
5325 -1099.0
5326 -1099.0
5327 -1099.0
5328 -1099.0
5329 -1099.0
5330 -1099.0
5331 -1099.0
5332 -1099.0
5333 -1100.0
5334 -1100.0
5335 -1100.0
5336 -1100.0
5337 -1098.0
5338 -1098.0
5339 -1103.0
5340 -1098.0
5341 -236.0
5342 163.0
5343 -1096.0
5344 -1096.0
5345 -1096.0
5346 -1096.0
5347 -1096.0
5348 96.0
5349 -1096.0
5350 96.0
5351 96.0
5352 -1101.0
5353 -1095.0
5354 -1095.0
5355 96.0
5356 -1095.0
5357 -1095.0
5358 -1095.0
5359 -1095.0
5360 -1096.0
5361 -1096.0
5362 -1096.0
5363 -1096.0
5364 -1096.0
5365 -1096.0
5366 -1095.0
5367 -1095.0
5368 -1095.0
5369 97.0
5370 -1094.0
5371 -1094.0
5372 165.0
5373 -1094.0
5374 -1094.0
5375 -1094.0
5376 -1094.0
5377 -1094.0
5378 -232.0
5379 -1092.0
5380 99.0
5381 -1094.0
5382 -1092.0
5383 -1092.0
5384 100.0
5385 -1092.0
5386 -230.0
5387 -1090.0
5388 -1090.0
5389 -1089.0
5390 -1091.0
5391 -1091.0
5392 -1090.0
5393 -1090.0
5394 -1090.0
5395 -1090.0
5396 102.0
5397 102.0
5398 101.0
5399 -1091.0
5400 102.0
5401 170.0
5402 -1089.0
5403 -1089.0
5404 -1089.0
5405 -1088.0
5406 -1088.0
5407 -1088.0
5408 -1088.0
5409 103.0
5410 -1088.0
5411 161.0
5412 103.0
5413 103.0
5414 103.0
5415 -1090.0
5416 -230.0
5417 -231.0
5418 -233.0
5419 -1093.0
5420 -1093.0
5421 -1093.0
5422 -1093.0
5423 -1093.0
5424 -1093.0
5425 -1093.0
5426 -1093.0
5427 -1093.0
5428 164.0
5429 -1095.0
5430 -1095.0
5431 -1096.0
5432 162.0
5433 -1096.0
5434 -1096.0
5435 165.0
5436 -1094.0
5437 -1094.0
5438 -1094.0
5439 165.0
5440 -1154.0
5441 155.0
5442 155.0
5443 -1094.0
5444 -1094.0
5445 98.0
5446 -1094.0
5447 -1093.0
5448 -1093.0
5449 -1093.0
5450 -1093.0
5451 -1093.0
5452 164.0
5453 162.0
5454 160.0
5455 160.0
5456 162.0
5457 161.0
5458 -237.0
5459 -235.0
5460 165.0
5461 165.0
5462 -1094.0
5463 -1154.0
5464 -1094.0
5465 165.0
5466 155.0
5467 -1094.0
5468 155.0
5469 155.0
5470 155.0
5471 156.0
5472 98.0
5473 -1100.0
5474 -1093.0
5475 98.0
5476 -1093.0
5477 -1093.0
5478 -1093.0
5479 -1093.0
5480 -1093.0
5481 -1093.0
5482 -1093.0
5483 -1093.0
5484 -1093.0
5485 -1093.0
5486 -1093.0
5487 -1093.0
5488 -1092.0
5489 -1092.0
5490 -1092.0
5491 -1152.0
5492 -1152.0
5493 167.0
5494 -1092.0
5495 -1092.0
5496 165.0
5497 -1094.0
5498 -1094.0
5499 -1094.0
5500 -1100.0
5501 163.0
5502 -1100.0
5503 -1093.0
5504 -1098.0
5505 -1093.0
5506 -1093.0
5507 -1093.0
5508 -1093.0
5509 -1093.0
5510 -1093.0
5511 -1093.0
5512 -1093.0
5513 -1093.0
5514 -1093.0
5515 -1093.0
5516 -1093.0
5517 -1093.0
5518 167.0
5519 -1092.0
5520 -1092.0
5521 -1092.0
5522 -1092.0
5523 -1092.0
5524 -1092.0
5525 157.0
5526 157.0
5527 -1092.0
5528 -1092.0
5529 165.0
5530 165.0
5531 100.0
5532 100.0
5533 100.0
5534 166.0
5535 -1093.0
5536 -1093.0
5537 -1093.0
5538 -1093.0
5539 -1093.0
5540 -1093.0
5541 -1093.0
5542 -1093.0
5543 -1093.0
5544 -1093.0
5545 -1093.0
5546 -1093.0
5547 -1093.0
5548 -1093.0
5549 -1092.0
5550 -1092.0
5551 -1092.0
5552 -1092.0
5553 -1092.0
5554 -1092.0
5555 -1092.0
5556 -1092.0
5557 -1092.0
5558 165.0
5559 -1094.0
5560 -1094.0
5561 -1094.0
5562 -1094.0
5563 -1094.0
5564 -1093.0
5565 164.0
5566 -1095.0
5567 -1095.0
5568 -1095.0
5569 -1095.0
5570 -1095.0
5571 -1095.0
5572 -1095.0
5573 -1095.0
5574 -1095.0
5575 -1095.0
5576 -1095.0
5577 -1095.0
5578 -1095.0
5579 -1095.0
5580 155.0
5581 -1094.0
5582 85.0
5583 -1094.0
5584 -1094.0
5585 165.0
5586 -1154.0
5587 -236.0
5588 -1096.0
5589 -1096.0
5590 165.0
5591 163.0
5592 -1096.0
5593 -237.0
5594 160.0
5595 158.0
5596 -1101.0
5597 -1101.0
5598 -1101.0
5599 -1101.0
5600 -1101.0
5601 -1101.0
5602 -1101.0
5603 -1101.0
5604 -1101.0
5605 -1101.0
5606 -1100.0
5607 -1100.0
5608 -1100.0
5609 -1100.0
5610 -1100.0
5611 -1100.0
5612 -1100.0
5613 -1160.0
5614 -1100.0
5615 -1100.0
5616 -1100.0
5617 157.0
5618 -240.0
5619 161.0
5620 -239.0
5621 -1099.0
5622 -238.0
5623 -235.0
5624 162.0
5625 -1157.0
5626 -1097.0
5627 -1097.0
5628 -1097.0
5629 -1097.0
5630 -1097.0
5631 -1097.0
5632 -1097.0
5633 -1097.0
5634 -1097.0
5635 -1097.0
5636 -1097.0
5637 -1097.0
5638 -1097.0
5639 -1096.0
5640 -1096.0
5641 -1096.0
5642 153.0
5643 153.0
5644 153.0
5645 -1096.0
5646 -1096.0
5647 161.0
5648 -1098.0
5649 -1098.0
5650 -1098.0
5651 160.0
5652 158.0
5653 -243.0
5654 154.0
5655 152.0
5656 -1107.0
5657 -1107.0
5658 -1107.0
5659 -1107.0
5660 -1107.0
5661 -1106.0
5662 -1106.0
5663 -1106.0
5664 -1106.0
5665 -1106.0
5666 -1106.0
5667 -1106.0
5668 -1106.0
5669 -1106.0
5670 -1106.0
5671 -1106.0
5672 -1106.0
5673 -1106.0
5674 -1106.0
5675 -1106.0
5676 -1106.0
5677 152.0
5678 -1107.0
5679 150.0
5680 152.0
5681 150.0
5682 -1109.0
5683 148.0
5684 146.0
5685 148.0
5686 -1111.0
5687 -1111.0
5688 -1111.0
5689 -1111.0
5690 -1111.0
5691 -1110.0
5692 -1110.0
5693 -1110.0
5694 -1110.0
5695 -1110.0
5696 -1110.0
5697 147.0
5698 -1112.0
5699 -1112.0
5700 -1112.0
5701 -1112.0
5702 -1112.0
5703 -1112.0
5704 -1112.0
5705 -1112.0
5706 -1111.0
5707 -1111.0
5708 -1111.0
5709 -1111.0
5710 -1111.0
5711 146.0
5712 -255.0
5713 -253.0
5714 148.0
5715 -1111.0
5716 -1111.0
5717 -1111.0
5718 -1111.0
5719 -1111.0
5720 -1111.0
5721 -1111.0
5722 -1111.0
5723 -1110.0
5724 -1110.0
5725 -1110.0
5726 -1110.0
5727 -1110.0
5728 -1110.0
5729 -1110.0
5730 -1110.0
5731 -1110.0
5732 -1110.0
5733 -1110.0
5734 -1110.0
5735 -1110.0
5736 -1110.0
5737 -1110.0
5738 -1110.0
5739 -1110.0
5740 -1110.0
5741 -249.0
5742 -1109.0
5743 -1109.0
5744 -1109.0
5745 148.0
5746 -1111.0
5747 -1111.0
5748 -1111.0
5749 -641.0
5750 -1111.0
5751 -1111.0
5752 -1111.0
5753 -1111.0
5754 -1111.0
5755 -249.0
5756 -1109.0
5757 -1109.0
5758 -1108.0
5759 -1108.0
5760 -1108.0
5761 -1108.0
5762 -1108.0
5763 -1108.0
5764 -1108.0
5765 -1108.0
5766 -1108.0
5767 -1108.0
5768 -1108.0
5769 -1108.0
5770 -1108.0
5771 150.0
5772 151.0
5773 153.0
5774 152.0
5775 153.0
5776 -1105.0
5777 -1105.0
5778 -1105.0
5779 -1105.0
5780 -1105.0
5781 -1105.0
5782 -1105.0
5783 -1105.0
5784 -1105.0
5785 -1105.0
5786 -1105.0
5787 -1105.0
5788 -1105.0
5789 -1105.0
5790 -1105.0
5791 -1105.0
5792 -1105.0
5793 -1104.0
5794 -1104.0
5795 -1104.0
5796 -1104.0
5797 -1104.0
5798 -1104.0
5799 157.0
5800 159.0
5801 157.0
5802 159.0
5803 157.0
5804 159.0
5805 161.0
5806 -1098.0
5807 -1098.0
5808 -1098.0
5809 -1098.0
5810 -1098.0
5811 -1098.0
5812 -1098.0
5813 -1098.0
5814 -1098.0
5815 -1097.0
5816 -1097.0
5817 -1097.0
5818 -1097.0
5819 -1157.0
5820 -1097.0
5821 -1097.0
5822 -1157.0
5823 -1157.0
5824 -1097.0
5825 -1097.0
5826 -1097.0
5827 -1097.0
5828 -1096.0
5829 -1096.0
5830 -1096.0
5831 -1096.0
5832 -1096.0
5833 -1096.0
5834 -1096.0
5835 -1096.0
5836 -1156.0
5837 -1156.0
5838 -1156.0
5839 -1096.0
5840 -1096.0
5841 -1095.0
5842 -1095.0
5843 -1095.0
5844 -235.0
5845 -1095.0
5846 -1095.0
5847 -1095.0
5848 -1095.0
5849 -1095.0
5850 -1095.0
5851 -1095.0
5852 -1095.0
5853 -1095.0
5854 -1095.0
5855 -1095.0
5856 -1095.0
5857 -1095.0
5858 -1094.0
5859 -1094.0
5860 -1094.0
5861 -1094.0
5862 -1094.0
5863 -1094.0
5864 -1094.0
5865 -1094.0
5866 -1154.0
5867 -1154.0
5868 -1154.0
5869 -1094.0
5870 -1094.0
5871 -1094.0
5872 -1093.0
5873 -1093.0
5874 -1093.0
5875 -1093.0
5876 -1093.0
5877 -1093.0
5878 -1093.0
5879 -1093.0
5880 -1093.0
5881 -1093.0
5882 -1093.0
5883 -1093.0
5884 -1093.0
5885 -1093.0
5886 -1093.0
5887 -1093.0
5888 -1093.0
5889 -1092.0
5890 -1092.0
5891 -1092.0
5892 -1092.0
5893 -1092.0
5894 -1092.0
5895 -1092.0
5896 -1152.0
5897 -1152.0
5898 -1152.0
5899 -1152.0
5900 -1151.0
5901 -1151.0
5902 -1091.0
5903 -1091.0
5904 -1091.0
5905 -1091.0
5906 -1091.0
5907 -1091.0
5908 -1091.0
5909 -1091.0
5910 -1091.0
5911 -1091.0
5912 -1091.0
5913 -1091.0
5914 -1091.0
5915 -1091.0
5916 -1090.0
5917 -1090.0
5918 -1090.0
5919 -1090.0
5920 -1090.0
5921 -1090.0
5922 -1090.0
5923 -1090.0
5924 -1090.0
5925 -1090.0
5926 -1150.0
5927 -1150.0
5928 -1150.0
5929 -1149.0
5930 -1149.0
5931 -1149.0
5932 -1089.0
5933 -1089.0
5934 -1089.0
5935 -1089.0
5936 -1089.0
5937 -1089.0
5938 -1089.0
5939 -1089.0
5940 -1089.0
5941 -1089.0
5942 -1088.0
5943 -1088.0
5944 -1088.0
5945 -1088.0
5946 -1088.0
5947 -1088.0
5948 -1088.0
5949 -1088.0
5950 -1088.0
5951 -1088.0
5952 -1088.0
5953 -1088.0
5954 -1088.0
5955 -1088.0
5956 -1148.0
5957 -1147.0
5958 -1147.0
5959 -1147.0
5960 -1147.0
5961 -1147.0
5962 -1087.0
5963 -1087.0
5964 -1087.0
5965 -1087.0
5966 -1087.0
5967 -1087.0
5968 -1086.0
5969 -1086.0
5970 -1086.0
5971 -1086.0
5972 -1086.0
5973 -1086.0
5974 -1146.0
5975 -1086.0
5976 -1086.0
5977 -1086.0
5978 -614.0
5979 -1086.0
5980 -1145.0
5981 -1085.0
5982 -1085.0
5983 -1085.0
5984 -1085.0
5985 -1085.0
5986 -1145.0
5987 -1145.0
5988 -1145.0
5989 -1145.0
5990 -1144.0
5991 -1144.0
5992 -1084.0
5993 -1084.0
5994 -1084.0
5995 -1084.0
5996 -1084.0
5997 -1084.0
5998 -1144.0
5999 -1144.0
6000 -1084.0
6001 -1084.0
6002 -1083.0
6003 -1083.0
6004 -1083.0
6005 -1083.0
6006 -1083.0
6007 -1083.0
6008 -1083.0
6009 -1083.0
6010 -1083.0
6011 -1083.0
6012 -1083.0
6013 -1083.0
6014 -1083.0
6015 -1083.0
6016 -1142.0
6017 -1142.0
6018 -1082.0
6019 -1142.0
6020 -1142.0
6021 -1142.0
6022 -1142.0
6023 -1142.0
6024 -1141.0
6025 -1141.0
6026 -1141.0
6027 -1141.0
6028 -1141.0
6029 -1141.0
6030 -1081.0
6031 -1081.0
6032 -1141.0
6033 -1140.0
6034 -1080.0
6035 -1080.0
6036 -1080.0
6037 -1080.0
6038 -1080.0
6039 -1080.0
6040 -1080.0
6041 -1080.0
6042 -1140.0
6043 -1080.0
6044 -1080.0
6045 -1079.0
6046 -1139.0
6047 -1139.0
6048 -1139.0
6049 -1139.0
6050 -1139.0
6051 -1139.0
6052 -1139.0
6053 -1138.0
6054 -1138.0
6055 -1138.0
6056 -1138.0
6057 -1138.0
6058 -1138.0
6059 -1138.0
6060 -1138.0
6061 -1137.0
6062 -1077.0
6063 -1077.0
6064 -1077.0
6065 -1077.0
6066 -1077.0
6067 -1137.0
6068 -1077.0
6069 -1077.0
6070 -1077.0
6071 -1077.0
6072 -1077.0
6073 -1077.0
6074 -1076.0
6075 -1076.0
6076 -1136.0
6077 -1136.0
6078 -1136.0
6079 181.0
6080 -1138.0
6081 -1138.0
6082 -1137.0
6083 -1137.0
6084 -1137.0
6085 -1137.0
6086 -1137.0
6087 -1137.0
6088 -1137.0
6089 -1137.0
6090 -1136.0
6091 -1136.0
6092 -1136.0
6093 -1136.0
6094 -1136.0
6095 -1076.0
6096 -1076.0
6097 -1076.0
6098 -1076.0
6099 -1076.0
6100 -1075.0
6101 -1075.0
6102 -1075.0
6103 -1075.0
6104 -1075.0
6105 -1075.0
6106 -1135.0
6107 -1135.0
6108 -1135.0
6109 -1075.0
6110 -1135.0
6111 -1134.0
6112 -1134.0
6113 -1134.0
6114 -1134.0
6115 -1134.0
6116 -1134.0
6117 -1134.0
6118 -1134.0
6119 -1133.0
6120 -1133.0
6121 -1133.0
6122 -1133.0
6123 -1133.0
6124 -1133.0
6125 -1073.0
6126 -1073.0
6127 -1073.0
6128 -1072.0
6129 -1072.0
6130 -1072.0
6131 -1072.0
6132 -1072.0
6133 -1072.0
6134 -1072.0
6135 -1072.0
6136 -1132.0
6137 -1132.0
6138 -1132.0
6139 -1132.0
6140 -1131.0
6141 -1131.0
6142 -1131.0
6143 -1131.0
6144 -1131.0
6145 -1131.0
6146 -1071.0
6147 -1071.0
6148 -1071.0
6149 -1130.0
6150 -1070.0
6151 -1070.0
6152 -1070.0
6153 -1070.0
6154 -1130.0
6155 -1130.0
6156 -1070.0
6157 641.0
6158 189.0
6159 -1129.0
6160 -1129.0
6161 -1069.0
6162 -1129.0
6163 -1069.0
6164 -1069.0
6165 -1069.0
6166 129.0
6167 -333.0
6168 -333.0
6169 -333.0
6170 -336.0
6171 -338.0
6172 -341.0
6173 -344.0
6174 -347.0
6175 -350.0
6176 -353.0
6177 -355.0
6178 104.0
6179 -355.0
6180 -358.0
6181 -358.0
6182 -358.0
6183 -358.0
6184 101.0
6185 -361.0
6186 -363.0
6187 -366.0
6188 -369.0
6189 -369.0
6190 -372.0
6191 -372.0
6192 -372.0
6193 -372.0
6194 87.0
6195 -371.0
6196 -371.0
6197 88.0
6198 88.0
6199 88.0
6200 88.0
6201 88.0
6202 88.0
6203 88.0
6204 88.0
6205 88.0
6206 -371.0
6207 -374.0
6208 85.0
6209 86.0
6210 86.0
6211 86.0
6212 86.0
6213 86.0
6214 86.0
6215 86.0
6216 86.0
6217 -376.0
6218 -379.0
6219 -381.0
6220 -384.0
6221 75.0
6222 -387.0
6223 -390.0
6224 -393.0
6225 -396.0
6226 63.0
6227 -398.0
6228 -401.0
6229 -404.0
6230 -407.0
6231 -410.0
6232 -410.0
6233 49.0
6234 -410.0
6235 -409.0
6236 50.0
6237 -412.0
6238 -415.0
6239 -418.0
6240 -421.0
6241 -423.0
6242 -426.0
6243 -429.0
6244 -432.0
6245 27.0
6246 -435.0
6247 -438.0
6248 25.0
6249 -437.0
6250 -440.0
6251 -443.0
6252 -446.0
6253 13.0
6254 13.0
6255 -448.0
6256 -451.0
6257 11.0
6258 14.0
6259 17.0
6260 20.0
6261 20.0
6262 20.0
6263 20.0
6264 20.0
6265 -441.0
6266 -444.0
6267 15.0
6268 -447.0
6269 -450.0
6270 -450.0
6271 9.0
6272 -452.0
6273 -455.0
6274 -458.0
6275 -458.0
6276 -461.0
6277 -461.0
6278 -464.0
6279 -466.0
6280 -469.0
6281 -472.0
6282 -482.0
6283 -475.0
6284 -478.0
6285 -480.0
6286 -491.0
6287 -483.0
6288 -486.0
6289 -489.0
6290 -492.0
6291 -494.0
6292 -497.0
6293 -497.0
6294 -500.0
6295 -503.0
6296 -503.0
6297 -506.0
6298 -506.0
6299 -508.0
6300 -511.0
6301 -514.0
6302 -524.0
6303 -517.0
6304 -520.0
6305 -522.0
6306 -533.0
6307 -64.0
6308 -525.0
6309 -535.0
6310 -535.0
6311 -535.0
6312 -536.0
6313 -527.0
6314 -538.0
6315 -538.0
6316 -538.0
6317 -530.0
6318 -533.0
6319 -536.0
6320 -538.0
6321 -541.0
6322 -541.0
6323 -544.0
6324 -547.0
6325 -547.0
6326 -550.0
6327 -552.0
6328 -555.0
6329 -558.0
6330 -561.0
6331 -103.0
6332 -571.0
6333 -564.0
6334 -566.0
6335 -106.0
6336 -577.0
6337 -569.0
6338 -572.0
6339 -575.0
6340 -115.0
6341 -575.0
6342 -577.0
6343 -117.0
6344 -577.0
6345 -577.0
6346 -117.0
6347 -580.0
6348 -583.0
6349 -586.0
6350 -588.0
6351 -591.0
6352 -594.0
6353 -597.0
6354 -597.0
6355 -600.0
6356 -600.0
6357 -602.0
6358 -605.0
6359 -608.0
6360 -611.0
6361 -614.0
6362 -624.0
6363 -616.0
6364 -619.0
6365 -630.0
6366 -622.0
6367 -625.0
6368 -625.0
6369 -628.0
6370 -628.0
6371 -627.0
6372 -167.0
6373 -630.0
6374 -170.0
6375 -170.0
6376 -170.0
6377 -633.0
6378 -636.0
6379 -638.0
6380 -641.0
6381 -641.0
6382 -644.0
6383 -647.0
6384 -650.0
6385 -652.0
6386 -655.0
6387 -658.0
6388 -661.0
6389 -664.0
6390 -667.0
6391 -207.0
6392 -207.0
6393 -663.0
6394 -203.0
6395 -203.0
6396 -203.0
6397 -666.0
6398 -206.0
6399 -669.0
6400 -209.0
6401 -209.0
6402 -209.0
6403 -669.0
6404 -671.0
6405 -211.0
6406 -674.0
6407 -677.0
6408 -680.0
6409 -683.0
6410 -685.0
6411 -688.0
6412 -688.0
6413 -691.0
6414 -694.0
6415 -697.0
6416 -700.0
6417 -702.0
6418 -705.0
6419 -708.0
6420 -711.0
6421 -708.0
6422 -711.0
6423 -713.0
6424 -713.0
6425 -716.0
6426 -719.0
6427 -259.0
6428 -722.0
6429 -725.0
6430 -725.0
6431 -727.0
6432 -730.0
6433 -733.0
6434 -736.0
6435 -739.0
6436 -742.0
6437 -744.0
6438 -744.0
6439 -747.0
6440 -750.0
6441 -753.0
6442 -756.0
6443 -758.0
6444 -761.0
6445 -761.0
6446 -764.0
6447 -761.0
6448 -301.0
6449 -764.0
6450 -766.0
6451 -763.0
6452 -303.0
6453 -303.0
6454 -303.0
6455 -766.0
6456 -306.0
6457 -306.0
6458 -769.0
6459 -772.0
6460 -312.0
6461 -312.0
6462 -771.0
6463 -774.0
6464 -774.0
6465 -777.0
6466 -780.0
6467 -783.0
6468 -785.0
6469 -788.0
6470 -791.0
6471 -791.0
6472 -794.0
6473 -797.0
6474 -799.0
6475 -802.0
6476 -805.0
6477 -805.0
6478 -808.0
6479 -811.0
6480 -814.0
6481 -811.0
6482 -813.0
6483 -816.0
6484 -816.0
6485 -819.0
6486 -819.0
6487 -822.0
6488 -824.0
6489 -827.0
6490 -830.0
6491 -833.0
6492 -373.0
6493 -836.0
6494 -839.0
6495 -841.0
6496 -381.0
6497 -844.0
6498 -847.0
6499 -850.0
6500 -853.0
6501 -855.0
6502 -858.0
6503 -861.0
6504 -864.0
6505 -404.0
6506 -867.0
6507 -870.0
6508 -872.0
6509 -869.0
6510 -872.0
6511 -869.0
6512 -866.0
6513 -869.0
6514 -409.0
6515 -872.0
6516 -875.0
6517 -415.0
6518 -877.0
6519 -880.0
6520 -420.0
6521 -883.0
6522 -423.0
6523 -886.0
6524 -889.0
6525 -891.0
6526 -894.0
6527 -897.0
6528 -900.0
6529 -897.0
6530 -900.0
6531 -902.0
6532 -905.0
6533 -908.0
6534 -911.0
6535 -914.0
6536 -917.0
6537 -919.0
6538 -922.0
6539 -919.0
6540 -922.0
6541 -919.0
6542 -916.0
6543 -919.0
6544 -922.0
6545 -924.0
6546 -927.0
6547 -930.0
6548 -933.0
6549 -936.0
6550 -939.0
6551 -941.0
6552 -944.0
6553 -947.0
6554 -950.0
6555 -960.0
6556 -960.0
6557 -952.0
6558 -955.0
6559 -952.0
6560 -955.0
6561 -952.0
6562 -949.0
6563 -952.0
6564 -955.0
6565 -957.0
6566 -960.0
6567 -963.0
6568 -966.0
6569 -969.0
6570 -971.0
6571 -974.0
6572 -974.0
6573 -977.0
6574 -980.0
6575 -983.0
6576 -985.0
6577 -988.0
6578 -991.0
6579 -994.0
6580 -997.0
6581 -539.0
6582 -537.0
6583 -537.0
6584 -537.0
6585 -999.0
6586 -1010.0
6587 -996.0
6588 -999.0
6589 -1002.0
6590 -1005.0
6591 -1008.0
6592 -1010.0
6593 -1007.0
6594 -1004.0
6595 -1007.0
6596 -1010.0
6597 -1013.0
6598 -1016.0
6599 -1018.0
6600 -1021.0
6601 -1024.0
6602 -1024.0
6603 -1027.0
6604 -1030.0
6605 -1032.0
6606 -1035.0
6607 -1038.0
6608 -1041.0
6609 -1044.0
6610 -1054.0
6611 -1054.0
6612 -1046.0
6613 -1057.0
6614 -588.0
6615 -1057.0
6616 -589.0
6617 -1043.0
6618 -1040.0
6619 -1037.0
6620 -1034.0
6621 -1037.0
6622 -577.0
6623 -1039.0
6624 -579.0
6625 -1042.0
6626 -582.0
6627 -1045.0
6628 -1048.0
6629 -1051.0
6630 -591.0
6631 -1053.0
6632 -1056.0
6633 -598.0
6634 -598.0
6635 -598.0
6636 -1059.0
6637 -1062.0
6638 -1065.0
6639 -1067.0
6640 -1070.0
6641 -612.0
6642 -610.0
6643 -1073.0
6644 -1076.0
6645 -1079.0
6646 -1079.0
6647 -1075.0
6648 -1078.0
6649 -1081.0
6650 -1084.0
6651 -1087.0
6652 -1090.0
6653 -1086.0
6654 -1083.0
6655 -1080.0
6656 -1083.0
6657 -1086.0
6658 -1089.0
6659 -1092.0
6660 -1095.0
6661 -1097.0
6662 -1100.0
6663 -1103.0
6664 -1106.0
6665 -1109.0
6666 -1111.0
6667 -1111.0
6668 -651.0
6669 -1114.0
6670 -1117.0
6671 -657.0
6672 -1117.0
6673 -657.0
6674 -1120.0
6675 -1122.0
6676 -1122.0
6677 -1119.0
6678 -659.0
6679 -1116.0
6680 -1113.0
6681 -1116.0
6682 -656.0
6683 -1119.0
6684 -1122.0
6685 -1124.0
6686 -1124.0
6687 -1127.0
6688 -1130.0
6689 -1133.0
6690 -1136.0
6691 -1138.0
6692 -680.0
6693 -1141.0
6694 -1144.0
6695 -1147.0
6696 -1150.0
6697 -690.0
6698 -690.0
6699 -1152.0
6700 -692.0
6701 -1155.0
6702 -695.0
6703 -695.0
6704 -1158.0
6705 -1161.0
6706 -701.0
6707 -1163.0
6708 -1166.0
6709 -1169.0
6710 -1172.0
6711 -1175.0
6712 -1172.0
6713 -1169.0
6714 -1172.0
6715 -1174.0
6716 -1174.0
6717 -1177.0
6718 -1180.0
6719 -1183.0
6720 -1186.0
6721 -1188.0
6722 -1191.0
6723 -1194.0
6724 -1197.0
6725 -1200.0
6726 -1203.0
6727 -743.0
6728 -743.0
6729 -1205.0
6730 -745.0
6731 -745.0
6732 -742.0
6733 -1205.0
6734 -745.0
6735 -745.0
6736 -745.0
6737 -1208.0
6738 -1210.0
6739 -1213.0
6740 -1224.0
6741 -1216.0
6742 -1219.0
6743 -1219.0
6744 -1221.0
6745 -1224.0
6746 -1227.0
6747 -1230.0
6748 -1233.0
6749 -1236.0
6750 -1238.0
6751 -1241.0
6752 -1244.0
6753 -781.0
6754 -778.0
6755 -778.0
6756 -1235.0
6757 -775.0
6758 -1232.0
6759 -1229.0
6760 -1231.0
6761 -1234.0
6762 -1237.0
6763 -1240.0
6764 -1243.0
6765 -1246.0
6766 -1248.0
6767 -1251.0
6768 -1254.0
6769 -1257.0
6770 -1260.0
6771 -1263.0
6772 -1265.0
6773 -1276.0
6774 -1268.0
6775 -1268.0
6776 -1271.0
6777 -1274.0
6778 -1276.0
6779 -1279.0
6780 -1282.0
6781 -1285.0
6782 -1288.0
6783 -1285.0
6784 -1282.0
6785 -1279.0
6786 -1281.0
6787 -1284.0
6788 -1287.0
6789 -1290.0
6790 -1293.0
6791 -1296.0
6792 -1298.0
6793 -1301.0
6794 -841.0
6795 -1304.0
6796 -1307.0
6797 -1310.0
6798 -1310.0
6799 -1312.0
6800 -1315.0
6801 -1318.0
6802 -1321.0
6803 -1324.0
6804 -1327.0
6805 -1329.0
6806 -1332.0
6807 -1335.0
6808 -1338.0
6809 -1341.0
6810 -1344.0
6811 -884.0
6812 -1346.0
6813 -1349.0
6814 -1352.0
6815 -1355.0
6816 -895.0
6817 -1358.0
6818 -1360.0
6819 -1357.0
6820 -1360.0
6821 -1357.0
6822 -1357.0
6823 -897.0
6824 -1357.0
6825 -897.0
6826 -1354.0
6827 -1357.0
6828 -1359.0
6829 -1359.0
6830 -1362.0
6831 -1365.0
6832 -1368.0
6833 -1371.0
6834 -1373.0
6835 -1376.0
6836 -1379.0
6837 -1382.0
6838 -1385.0
6839 -1388.0
6840 -1390.0
6841 -1393.0
6842 -1396.0
6843 -1399.0
6844 -1402.0
6845 -1399.0
6846 -1402.0
6847 -1398.0
6848 -1398.0
6849 -1398.0
6850 -1395.0
6851 -935.0
6852 -1398.0
6853 -1401.0
6854 -1398.0
6855 -1398.0
6856 -1400.0
6857 -1403.0
6858 -943.0
6859 -1406.0
6860 -1409.0
6861 -949.0
6862 -1412.0
6863 -1414.0
6864 -1417.0
6865 -1420.0
6866 -1423.0
6867 -1423.0
6868 -1423.0
6869 -963.0
6870 -963.0
6871 -1426.0
6872 -1428.0
6873 -1431.0
6874 -971.0
6875 -1434.0
6876 -1437.0
6877 -1440.0
6878 -1442.0
6879 -1445.0
6880 -985.0
6881 -985.0
6882 -985.0
6883 -985.0
6884 -1448.0
6885 -1448.0
6886 -1450.0
6887 -1453.0
6888 -1453.0
6889 -1456.0
6890 -1459.0
6891 -1462.0
6892 -1464.0
6893 -1467.0
6894 -1470.0
6895 -1473.0
6896 -1476.0
6897 -1476.0
6898 -1478.0
6899 -1481.0
6900 -1484.0
6901 -1487.0
6902 -1490.0
6903 -1493.0
6904 -1495.0
6905 -1495.0
6906 -1498.0
6907 -1501.0
6908 -1504.0
6909 -1507.0
6910 -1510.0
6911 -1506.0
6912 -1509.0
6913 -1512.0
6914 -1515.0
6915 -1518.0
6916 -1521.0
6917 -1523.0
6918 -1526.0
6919 -1529.0
6920 -1069.0
6921 -1529.0
6922 -1532.0
6923 -1532.0
6924 -1532.0
6925 -1534.0
6926 -1537.0
6927 -1077.0
6928 -1540.0
6929 -1543.0
6930 -1546.0
6931 -1549.0
6932 -1559.0
6933 -1551.0
6934 -1554.0
6935 -1557.0
6936 -1560.0
6937 -1563.0
6938 -1565.0
6939 -1568.0
6940 -1571.0
6941 -1571.0
6942 -1574.0
6943 -1574.0
6944 -1577.0
6945 -1573.0
6946 -1576.0
6947 -1579.0
6948 -1579.0
6949 -1582.0
6950 -1585.0
6951 -1588.0
6952 -1590.0
6953 -1590.0
6954 -1593.0
6955 -1596.0
6956 -1599.0
6957 -1599.0
6958 -1599.0
6959 -1601.0
6960 -1604.0
6961 -1607.0
6962 -1610.0
6963 -1620.0
6964 -1613.0
6965 -1615.0
6966 -1618.0
6967 -1621.0
6968 -1624.0
6969 -1627.0
6970 -1630.0
6971 -1630.0
6972 -1632.0
6973 -1629.0
6974 -1632.0
6975 -1635.0
6976 -1638.0
6977 -1641.0
6978 -1643.0
6979 -1646.0
6980 -1646.0
6981 -1646.0
6982 -1646.0
6983 -1649.0
6984 -1652.0
6985 -1654.0
6986 -1657.0
6987 -1660.0
6988 -1663.0
6989 -1666.0
6990 -1669.0
6991 -1671.0
6992 -1674.0
6993 -1677.0
6994 -1680.0
6995 -1680.0
6996 -1220.0
6997 -1220.0
6998 -1682.0
6999 -1685.0
7000 -1688.0
7001 -1691.0
7002 -1694.0
7003 -1697.0
7004 -1699.0
7005 -1702.0
7006 -1705.0
7007 -1708.0
7008 -1711.0
7009 -1711.0
7010 -1711.0
7011 -1713.0
7012 -1716.0
7013 -1719.0
7014 -1722.0
7015 -1725.0
7016 -1728.0
7017 -1730.0
7018 -1733.0
7019 -1273.0
7020 -1273.0
7021 -1736.0
7022 -1276.0
7023 -1739.0
7024 -1741.0
7025 -1744.0
7026 -1747.0
7027 -1750.0
7028 -1753.0
7029 -1293.0
7030 -1755.0
7031 -1295.0
7032 -1295.0
7033 -1758.0
7034 -1298.0
7035 -1298.0
7036 -1301.0
7037 -1764.0
7038 -1767.0
7039 -1307.0
7040 -1767.0
7041 -1307.0
7042 -1766.0
7043 -1769.0
7044 -1311.0
7045 -1772.0
7046 -1775.0
7047 -1778.0
7048 -1780.0
7049 -1320.0
7050 -1320.0
7051 -1783.0
7052 -1323.0
7053 -1323.0
7054 -1786.0
7055 -1789.0
7056 -1791.0
7057 -1794.0
7058 -1797.0
7059 -1337.0
7060 -1337.0
7061 -1337.0
7062 -1337.0
7063 -1337.0
7064 -1797.0
7065 -1797.0
7066 -1336.0
7067 -1336.0
7068 -1796.0
7069 -1336.0
7070 -1799.0
7071 -1802.0
7072 -1805.0
7073 -1345.0
7074 -1805.0
7075 -1344.0
7076 -1344.0
7077 -1807.0
7078 -1810.0
7079 -1813.0
7080 -1816.0
7081 -1356.0
7082 -1356.0
7083 -1357.0
7084 -1818.0
7085 -1829.0
7086 -1821.0
7087 -1361.0
7088 -1824.0
7089 -1364.0
7090 -1364.0
7091 -1364.0
7092 -1364.0
7093 -1364.0
7094 -1363.0
7095 -1363.0
7096 -1363.0
7097 -1363.0
7098 -1363.0
7099 -1363.0
7100 -1826.0
7101 -1829.0
7102 -1832.0
7103 -1372.0
7104 -1831.0
7105 -1371.0
7106 -1371.0
7107 -1834.0
7108 -1834.0
7109 -1837.0
7110 -1840.0
7111 -1842.0
7112 -1382.0
7113 -1382.0
7114 -1384.0
7115 -1842.0
7116 -1384.0
7117 -1382.0
7118 -1845.0
7119 -1385.0
7120 -1385.0
7121 -1848.0
7122 -1388.0
7123 -1388.0
7124 -1387.0
7125 -1387.0
7126 -1387.0
7127 -1850.0
7128 -1390.0
7129 -1853.0
7130 -1393.0
7131 -1393.0
7132 -1393.0
7133 -1392.0
7134 -1392.0
7135 -1855.0
7136 -1858.0
7137 -1861.0
7138 -1864.0
7139 -1404.0
7140 -1404.0
7141 -1404.0
7142 -1405.0
7143 -1874.0
7144 -1403.0
7145 -1403.0
7146 -1866.0
7147 -1406.0
7148 -1406.0
7149 -1406.0
7150 -1406.0
7151 -1406.0
7152 -1406.0
7153 -1406.0
7154 -1406.0
7155 -1868.0
7156 -1408.0
7157 -1871.0
7158 -1874.0
7159 -1877.0
7160 -1880.0
7161 -1882.0
7162 -1893.0
7163 -1885.0
7164 -1888.0
7165 -1428.0
7166 -1428.0
7167 -1888.0
7168 -1891.0
7169 -1431.0
7170 -1430.0
7171 -1430.0
7172 -1430.0
7173 -1430.0
7174 -1430.0
7175 -1430.0
7176 -1430.0
7177 -1890.0
7178 -1887.0
7179 -1427.0
7180 -1884.0
7181 -1424.0
7182 -1886.0
7183 -1889.0
7184 -1429.0
7185 -1892.0
7186 -1889.0
7187 -1892.0
7188 -1893.0
7189 -1896.0
7190 -1899.0
7191 -1902.0
7192 -1912.0
7193 -1905.0
7194 -1907.0
7195 -1907.0
7196 -1910.0
7197 -1910.0
7198 -1907.0
7199 -1904.0
7200 -1907.0
7201 -1910.0
7202 -1912.0
7203 -1909.0
7204 -1912.0
7205 -1915.0
7206 -1912.0
7207 -1455.0
7208 -1918.0
7209 -1921.0
7210 -1923.0
7211 -1926.0
7212 -1923.0
7213 -1926.0
7214 -1926.0
7215 -1929.0
7216 -1926.0
7217 -1928.0
7218 -1469.0
7219 -1468.0
7220 -1931.0
7221 -1934.0
7222 -1937.0
7223 -1940.0
7224 -1942.0
7225 -1953.0
7226 -1945.0
7227 -1956.0
7228 -1948.0
7229 -1490.0
7230 -1951.0
7231 -1954.0
7232 -1495.0
7233 -1956.0
7234 -1496.0
7235 -1499.0
7236 -1502.0
7237 -1965.0
7238 -1962.0
7239 -1965.0
7240 -1968.0
7241 -1970.0
7242 -1973.0
7243 -1976.0
7244 -1979.0
7245 -1982.0
7246 -1985.0
7247 -1987.0
7248 -1990.0
7249 -2001.0
7250 -1993.0
7251 -1996.0
7252 -1999.0
7253 -2002.0
7254 -2004.0
7255 -2007.0
7256 -2010.0
7257 -2020.0
7258 -2013.0
7259 -2016.0
7260 -2018.0
7261 -2021.0
7262 -2018.0
7263 -2021.0
7264 -2024.0
7265 -2027.0
7266 -2029.0
7267 -2032.0
7268 -2035.0
7269 -2038.0
7270 -2041.0
7271 -2044.0
7272 -2046.0
7273 -2049.0
7274 -2052.0
7275 -2055.0
7276 -2058.0
7277 -2061.0
7278 -1601.0
7279 -1601.0
7280 -2063.0
7281 -2066.0
7282 -2069.0
7283 -2072.0
7284 -2075.0
7285 -2085.0
7286 -2085.0
7287 -1614.0
7288 -2084.0
7289 -2077.0
7290 -2080.0
7291 -2090.0
7292 -1622.0
7293 -2083.0
7294 -2085.0
7295 -2088.0
7296 -2091.0
7297 -2094.0
7298 -2097.0
7299 -2097.0
7300 -2100.0
7301 -2096.0
7302 -2093.0
7303 -2096.0
7304 -2099.0
7305 -1639.0
7306 -291.0
7307 -2101.0
7308 -2104.0
7309 -2115.0
7310 -2107.0
7311 -2110.0
7312 -2113.0
7313 -2116.0
7314 -2118.0
7315 -2121.0
7316 -2124.0
7317 -2134.0
7318 -2134.0
7319 -2127.0
7320 -2137.0
7321 -2129.0
7322 -2132.0
7323 -2135.0
7324 -2138.0
7325 -2138.0
7326 -2141.0
7327 -2138.0
7328 -2140.0
7329 -2143.0
7330 -2140.0
7331 -332.0
7332 -2143.0
7333 -2146.0
7334 -397.0
7335 -2148.0
7336 -2151.0
7337 -2154.0
7338 -1694.0
7339 -1693.0
7340 -2153.0
7341 -2156.0
7342 -2159.0
7343 -2162.0
7344 -2165.0
7345 -2175.0
7346 -1705.0
7347 -1704.0
7348 -2167.0
7349 -2170.0
7350 -2173.0
7351 -2176.0
7352 -2179.0
7353 -2181.0
7354 -2184.0
7355 -2187.0
7356 -2187.0
7357 -2190.0
7358 -1730.0
7359 -2193.0
7360 -1733.0
7361 -385.0
7362 -444.0
7363 -2374.0
7364 -613.0
7365 -2194.0
7366 -2197.0
7367 -2199.0
7368 -2202.0
7369 -2213.0
7370 -2205.0
7371 -2208.0
7372 -2211.0
7373 -2211.0
7374 -2213.0
7375 -2216.0
7376 -2219.0
7377 -2222.0
7378 -2225.0
7379 -2228.0
7380 -2230.0
7381 -2233.0
7382 -2236.0
7383 -2236.0
7384 -2239.0
7385 -2421.0
7386 -2241.0
7387 -2244.0
7388 -2247.0
7389 -2250.0
7390 -2253.0
7391 -2255.0
7392 -2258.0
7393 -2261.0
7394 -1804.0
7395 -2267.0
7396 -2270.0
7397 -2273.0
7398 -1813.0
7399 -2272.0
7400 -2275.0
7401 -2278.0
7402 -2281.0
7403 -2284.0
7404 -2287.0
7405 -2297.0
7406 -2289.0
7407 -2300.0
7408 -2300.0
7409 -2292.0
7410 -1834.0
7411 -2302.0
7412 -2295.0
7413 -2297.0
7414 -2300.0
7415 -2303.0
7416 -2306.0
7417 -2309.0
7418 -2312.0
7419 -2314.0
7420 -1854.0
7421 -1857.0
7422 -1857.0
7423 -2320.0
7424 -1860.0
7425 -2323.0
7426 -1863.0
7427 -2326.0
7428 -2328.0
7429 -2339.0
7430 -2331.0
7431 -2334.0
7432 -2337.0
7433 -2337.0
7434 -2340.0
7435 -2342.0
7436 -2345.0
7437 -2348.0
7438 -2351.0
7439 -2361.0
7440 -2361.0
7441 -2361.0
7442 -2353.0
7443 -2356.0
7444 -2359.0
7445 -2362.0
7446 -2365.0
7447 -2368.0
7448 -2370.0
7449 -2373.0
7450 -1913.0
7451 -1913.0
7452 -1913.0
7453 -1913.0
7454 -1913.0
7455 -1913.0
7456 -2479.0
7457 -2375.0
7458 -2378.0
7459 -2389.0
7460 -2381.0
7461 -2384.0
7462 -2387.0
7463 -2390.0
7464 -2392.0
7465 -2395.0
7466 -2398.0
7467 -2401.0
7468 -1941.0
7469 -1941.0
7470 -2404.0
7471 -1944.0
7472 -1944.0
7473 -2406.0
7474 -2409.0
7475 -2412.0
7476 -2415.0
7477 -2418.0
7478 -2420.0
7479 -1961.0
7480 -1960.0
7481 -1960.0
7482 -1960.0
7483 -122.0
7484 -1960.0
7485 -1960.0
7486 -1960.0
7487 -2422.0
7488 -2425.0
7489 -1965.0
7490 -2428.0
7491 -2431.0
7492 -2434.0
7493 -2436.0
7494 -2439.0
7495 -1979.0
7496 -1979.0
7497 -2442.0
7498 -1982.0
7499 -1982.0
7500 -2445.0
7501 -2447.0
7502 -2450.0
7503 -2453.0
7504 -2456.0
7505 -1996.0
7506 -1996.0
7507 -1996.0
7508 -1996.0
7509 -1996.0
7510 -1996.0
7511 -2014.0
7512 -2013.0
7513 -2456.0
7514 -1996.0
7515 -1996.0
7516 -1995.0
7517 -1995.0
7518 -2458.0
7519 -2000.0
7520 -1998.0
7521 -2461.0
7522 -2464.0
7523 -2004.0
7524 -2466.0
7525 -2469.0
7526 -2472.0
7527 -2475.0
7528 -2478.0
7529 -2481.0
7530 -2483.0
7531 -2486.0
7532 -2026.0
7533 -2026.0
7534 -2026.0
7535 -2026.0
7536 -2026.0
7537 -2026.0
7538 -2489.0
7539 -2029.0
7540 -2491.0
7541 -2494.0
7542 -2497.0
7543 -2494.0
7544 -2497.0
7545 -2500.0
7546 -2503.0
7547 -2505.0
7548 -2508.0
7549 -2511.0
7550 -2514.0
7551 -2517.0
7552 -2520.0
7553 -2522.0
7554 -2525.0
7555 -2528.0
7556 -2531.0
7557 -2534.0
7558 -2537.0
7559 -2539.0
7560 -2542.0
7561 -2545.0
7562 -2548.0
7563 -2551.0
7564 -2554.0
7565 -2556.0
7566 -2559.0
7567 -2562.0
7568 -2565.0
7569 -2568.0
7570 -2571.0
7571 -2573.0
7572 -2576.0
7573 -2579.0
7574 -2582.0
7575 -2585.0
7576 -2588.0
7577 -2590.0
7578 -2593.0
7579 -2596.0
7580 -2599.0
7581 -2602.0
7582 -2605.0
7583 -2607.0
7584 -2610.0
7585 -2613.0
7586 -2616.0
7587 -2619.0
7588 -2622.0
7589 -2163.0
7590 -2161.0
7591 -2640.0
7592 -2624.0
7593 -2627.0
7594 -2630.0
7595 -2633.0
7596 -2636.0
7597 -2638.0
7598 -2641.0
7599 -2644.0
7600 -2641.0
7601 -2638.0
7602 -2641.0
7603 -2644.0
7604 -2646.0
7605 -2649.0
7606 -2652.0
7607 -2655.0
7608 -2658.0
7609 -2661.0
7610 -2663.0
7611 -2666.0
7612 -2669.0
7613 -2672.0
7614 -2675.0
7615 -2678.0
7616 -2680.0
7617 -2683.0
7618 -2686.0
7619 -2705.0
7620 -2689.0
7621 -2692.0
7622 -2695.0
7623 -2697.0
7624 -2700.0
7625 -2703.0
7626 -2700.0
7627 -2697.0
7628 -2700.0
7629 -2703.0
7630 -2705.0
7631 -2708.0
7632 -2711.0
7633 -2714.0
7634 -2717.0
7635 -2720.0
7636 -2722.0
7637 -2725.0
7638 -2728.0
7639 -2731.0
7640 -2734.0
7641 -2737.0
7642 -2739.0
7643 -2742.0
7644 -2745.0
7645 -2748.0
7646 -2751.0
7647 -2754.0
7648 -2756.0
7649 -2759.0
7650 -2762.0
7651 -2765.0
7652 -2768.0
7653 -2771.0
7654 -2773.0
7655 -2320.0
7656 -2773.0
7657 -2776.0
7658 -2773.0
7659 -2770.0
7660 -2310.0
7661 -2772.0
7662 -2769.0
7663 -2772.0
7664 -2769.0
7665 -2769.0
7666 -2766.0
7667 -2769.0
7668 -2772.0
7669 -2774.0
7670 -2771.0
7671 -2774.0
7672 -2777.0
7673 -2780.0
7674 -2783.0
7675 -2786.0
7676 -2788.0
7677 -2791.0
7678 -2794.0
7679 -2797.0
7680 -2800.0
7681 -2803.0
7682 -2805.0
7683 -2808.0
7684 -2811.0
7685 -2814.0
7686 -2817.0
7687 -2814.0
7688 -2816.0
7689 -2813.0
7690 -2810.0
7691 -2807.0
7692 -2807.0
7693 -2804.0
7694 -2807.0
7695 -2804.0
7696 -2807.0
7697 -2810.0
7698 -2351.0
7699 -2828.0
7700 -2351.0
7701 -2812.0
7702 -2815.0
7703 -2818.0
7704 -2821.0
7705 -2824.0
7706 -2826.0
7707 -2829.0
7708 -2832.0
7709 -2835.0
7710 -2832.0
7711 -2829.0
7712 -2369.0
7713 -2826.0
7714 -2823.0
7715 -2825.0
7716 -2828.0
7717 -2831.0
7718 -2834.0
7719 -2837.0
7720 -2840.0
7721 -2842.0
7722 -2845.0
7723 -2848.0
7724 -2851.0
7725 -2854.0
7726 -2857.0
7727 -2859.0
7728 -2862.0
7729 -2865.0
7730 -2862.0
7731 -2865.0
7732 -2868.0
7733 -2886.0
7734 -2871.0
7735 -2873.0
7736 -2876.0
7737 -2879.0
7738 -2882.0
7739 -2885.0
7740 -2887.0
7741 -2890.0
7742 -2887.0
7743 -2885.0
7744 -2888.0
7745 -2891.0
7746 -2894.0
7747 -2897.0
