1 -396.0
2 -396.0
3 -396.0
4 -396.0
5 -400.0
6 -400.0
7 -389.0
8 63.0
9 -396.0
10 -396.0
11 -400.0
12 -396.0
13 -396.0
14 -396.0
15 -396.0
16 -396.0
17 -396.0
18 63.0
19 -396.0
20 -396.0
21 -400.0
22 -396.0
23 -396.0
24 -396.0
25 -396.0
26 -396.0
27 63.0
28 -397.0
29 63.0
30 -396.0
31 63.0
32 63.0
33 -396.0
34 81.0
35 -395.0
36 64.0
37 64.0
38 64.0
39 83.0
40 66.0
41 66.0
42 66.0
43 -376.0
44 66.0
45 -393.0
46 66.0
47 -393.0
48 -393.0
49 66.0
50 -385.0
51 66.0
52 66.0
53 66.0
54 66.0
55 -393.0
56 -393.0
57 -393.0
58 66.0
59 66.0
60 -393.0
61 85.0
