1 63.0
2 -396.0
3 63.0
4 -396.0
5 -396.0
6 -400.0
7 -396.0
8 -400.0
9 -396.0
10 -396.0
11 -396.0
12 -396.0
13 -350.0
14 -379.0
15 -396.0
16 -400.0
17 -397.0
18 -397.0
19 52.0
20 -397.0
21 -397.0
22 -397.0
23 -397.0
24 -400.0
25 -397.0
26 -400.0
27 -400.0
28 52.0
29 -397.0
30 -397.0
31 62.0
32 -400.0
33 -397.0
34 -397.0
35 62.0
36 62.0
37 -397.0
38 62.0
39 62.0
40 62.0
41 62.0
42 62.0
43 -397.0
44 62.0
45 62.0
46 -397.0
47 62.0
48 -379.0
49 62.0
50 -397.0
51 62.0
52 62.0
53 -400.0
54 -397.0
55 62.0
56 -397.0
57 62.0
58 62.0
59 -400.0
60 -397.0
61 62.0
62 62.0
63 62.0
64 62.0
65 62.0
66 62.0
67 62.0
68 62.0
69 -397.0
70 -397.0
71 -397.0
72 62.0
73 -397.0
74 -397.0
75 62.0
76 -397.0
77 -397.0
78 62.0
79 62.0
80 -397.0
81 62.0
82 62.0
83 62.0
84 62.0
85 -397.0
86 62.0
87 -397.0
88 62.0
89 -397.0
90 -397.0
91 62.0
92 62.0
93 62.0
94 62.0
95 62.0
96 62.0
97 62.0
98 62.0
99 62.0
100 62.0
101 62.0
102 62.0
103 62.0
104 62.0
105 62.0
106 62.0
107 62.0
108 62.0
109 62.0
110 -397.0
111 62.0
112 62.0
113 62.0
114 62.0
115 62.0
116 62.0
117 62.0
118 62.0
119 62.0
120 62.0
