1 -793.0
2 -343.0
3 -793.0
4 -793.0
5 126.0
6 -793.0
7 -793.0
8 -793.0
9 -793.0
10 -793.0
11 -793.0
12 -793.0
13 -343.0
14 126.0
15 -793.0
16 -793.0
17 -333.0
18 -743.0
19 -793.0
20 -793.0
21 -793.0
22 -340.0
23 156.0
24 126.0
25 -793.0
26 -793.0
27 -333.0
28 -793.0
29 -793.0
30 -793.0
31 156.0
32 -343.0
33 126.0
34 -794.0
35 -793.0
36 -800.0
37 -293.0
38 -793.0
39 -343.0
40 -793.0
41 -343.0
42 -800.0
43 -743.0
44 126.0
45 -793.0
46 -793.0
47 -793.0
48 -333.0
49 126.0
50 -793.0
51 -793.0
52 -793.0
53 126.0
54 -343.0
55 126.0
56 -800.0
57 -793.0
58 -333.0
59 -333.0
60 -333.0
61 156.0
62 -293.0
63 -793.0
64 -793.0
65 -333.0
66 -333.0
67 -793.0
68 -743.0
69 -800.0
70 -800.0
71 -800.0
72 -800.0
73 -800.0
74 -793.0
75 -800.0
76 -800.0
77 -800.0
78 -793.0
79 -800.0
80 -800.0
81 -800.0
82 -800.0
83 -343.0
84 -793.0
85 -343.0
86 -793.0
87 -343.0
88 -343.0
89 -343.0
90 -343.0
91 156.0
92 -293.0
93 -333.0
94 -293.0
95 -793.0
96 -793.0
97 -800.0
98 -793.0
99 -800.0
100 -800.0
101 -800.0
102 -793.0
103 -800.0
104 -800.0
105 -343.0
106 -343.0
107 -343.0
108 -343.0
109 -343.0
110 -800.0
111 -800.0
112 -800.0
113 -800.0
114 -800.0
115 -800.0
116 -800.0
117 -800.0
118 -800.0
119 -800.0
120 -800.0
121 156.0
122 156.0
123 156.0
124 -793.0
125 -800.0
126 -793.0
127 -793.0
128 -800.0
129 -793.0
130 -793.0
131 -343.0
132 -793.0
133 -343.0
134 -800.0
135 -800.0
136 -800.0
137 -800.0
138 -800.0
139 -800.0
140 -800.0
141 -800.0
142 -800.0
143 -800.0
144 -800.0
145 -800.0
146 -800.0
147 -800.0
148 -800.0
149 -800.0
150 -800.0
151 -793.0
152 -793.0
153 -793.0
154 -793.0
155 -793.0
156 -343.0
157 -793.0
158 -343.0
159 -800.0
160 -800.0
161 -800.0
162 -340.0
163 -800.0
164 -800.0
165 -800.0
166 -800.0
167 -800.0
168 -800.0
169 -793.0
170 -793.0
171 -793.0
172 -793.0
173 -793.0
174 -800.0
175 -800.0
176 -800.0
177 -800.0
178 -340.0
179 -800.0
180 -800.0
181 -793.0
182 -793.0
183 -793.0
184 -343.0
185 -343.0
186 -800.0
187 -800.0
188 -800.0
189 -800.0
190 -800.0
191 -800.0
192 -793.0
193 -793.0
194 -793.0
195 -340.0
196 -340.0
197 -340.0
198 -793.0
199 -793.0
200 -793.0
201 -800.0
202 -800.0
203 -800.0
204 -340.0
205 -800.0
206 -793.0
207 -800.0
208 -800.0
209 -800.0
210 -800.0
211 -793.0
212 -793.0
213 -793.0
214 -343.0
215 -800.0
216 -800.0
217 -800.0
218 -800.0
219 -800.0
220 -800.0
221 -793.0
222 -793.0
223 -793.0
224 -340.0
225 -793.0
226 -793.0
227 -793.0
228 -800.0
229 -800.0
230 -800.0
231 -340.0
232 -793.0
233 -800.0
234 -793.0
235 -793.0
236 -800.0
237 -793.0
238 -793.0
239 -793.0
240 126.0
241 -793.0
242 -793.0
243 -793.0
244 -343.0
245 -800.0
246 -800.0
247 -800.0
248 -800.0
249 -800.0
250 -800.0
251 -793.0
252 -793.0
253 -793.0
254 -340.0
255 -793.0
256 -793.0
257 -793.0
258 -800.0
259 -800.0
260 -800.0
261 -340.0
262 126.0
263 126.0
264 -793.0
265 -793.0
266 -793.0
267 -793.0
268 -793.0
269 -793.0
270 -793.0
271 -793.0
272 -793.0
273 -793.0
274 -343.0
275 -800.0
276 -800.0
277 -800.0
278 -800.0
279 -800.0
280 -800.0
281 -793.0
282 -793.0
283 -793.0
284 -340.0
285 -793.0
286 -793.0
287 -793.0
288 -800.0
289 -800.0
290 -800.0
291 -340.0
292 -793.0
293 -793.0
294 -343.0
295 -793.0
296 -793.0
297 -793.0
298 -793.0
299 -793.0
300 -343.0
301 -793.0
302 -793.0
303 -793.0
304 -343.0
305 -800.0
306 -800.0
307 -800.0
308 -800.0
309 -800.0
310 -800.0
311 -793.0
312 -793.0
313 -793.0
314 -340.0
315 -793.0
316 -793.0
317 -793.0
318 -800.0
319 -800.0
320 -800.0
321 -340.0
322 -343.0
323 126.0
324 -800.0
325 -800.0
326 -800.0
327 -800.0
328 -800.0
329 -800.0
330 -800.0
331 -793.0
332 -793.0
333 -343.0
334 -800.0
335 -800.0
336 -800.0
337 -800.0
338 -793.0
339 -793.0
340 -340.0
341 -793.0
342 -793.0
343 -800.0
344 -800.0
345 -340.0
346 -800.0
347 -800.0
348 -800.0
349 -800.0
350 -800.0
351 -800.0
352 -800.0
353 -800.0
354 -800.0
355 -800.0
356 -800.0
357 -800.0
358 -800.0
359 -800.0
360 -800.0
361 -793.0
362 -793.0
363 -343.0
364 -800.0
365 -800.0
366 -800.0
367 -800.0
368 -793.0
369 -793.0
370 -340.0
371 -793.0
372 -793.0
373 -800.0
374 -800.0
375 -340.0
376 -800.0
377 -800.0
378 -800.0
379 -340.0
380 -800.0
381 -800.0
382 -800.0
383 -800.0
384 -800.0
385 -800.0
386 -800.0
387 -800.0
388 -800.0
389 -800.0
390 -800.0
391 -793.0
392 -793.0
393 -343.0
394 -800.0
395 -800.0
396 -800.0
397 -800.0
398 -793.0
399 -793.0
400 -340.0
401 -793.0
402 -793.0
403 -800.0
404 -800.0
405 -340.0
406 -800.0
407 -800.0
408 -340.0
409 -800.0
410 -800.0
411 -800.0
412 -800.0
413 -800.0
414 -800.0
415 -800.0
416 -800.0
417 -800.0
418 -800.0
419 -800.0
420 -800.0
421 -793.0
422 -793.0
423 -343.0
424 -800.0
425 -340.0
426 -800.0
427 -800.0
428 -793.0
429 -793.0
430 -340.0
431 -793.0
432 -793.0
433 -800.0
434 -800.0
435 -340.0
436 -800.0
437 -800.0
438 -340.0
439 -800.0
440 -800.0
441 -800.0
442 -800.0
443 -800.0
444 -800.0
445 -800.0
446 -793.0
447 -800.0
448 126.0
449 -800.0
450 -793.0
451 -793.0
452 -793.0
453 -340.0
454 -800.0
455 -800.0
456 -793.0
457 -793.0
458 -793.0
459 -793.0
460 -800.0
461 -800.0
462 -800.0
463 -800.0
464 -800.0
465 -800.0
466 -800.0
467 -800.0
468 -800.0
469 -800.0
470 126.0
471 -800.0
472 -800.0
473 -800.0
474 -800.0
475 -800.0
476 -800.0
477 -800.0
478 -800.0
479 -800.0
480 -800.0
481 -793.0
482 -793.0
483 -340.0
484 -800.0
485 -800.0
486 -793.0
487 -793.0
488 -793.0
489 -793.0
490 -800.0
491 -800.0
492 -800.0
493 -800.0
494 -800.0
495 -800.0
496 -800.0
497 -800.0
498 -800.0
499 -800.0
500 -800.0
501 -800.0
502 -800.0
503 -800.0
504 -800.0
505 -800.0
506 -800.0
507 -800.0
508 -800.0
509 -800.0
510 -800.0
511 -793.0
512 -793.0
513 -340.0
514 -800.0
515 -800.0
516 -793.0
517 -793.0
518 -793.0
519 -793.0
520 -800.0
521 -800.0
522 -800.0
523 -800.0
524 -800.0
525 -800.0
526 -800.0
527 -800.0
528 -800.0
529 -800.0
530 -800.0
531 -800.0
532 -800.0
533 -800.0
534 -800.0
535 -800.0
536 -800.0
537 -800.0
538 -800.0
539 -800.0
540 -800.0
541 -793.0
542 -793.0
543 -340.0
544 -800.0
545 126.0
546 -793.0
547 -793.0
548 -793.0
549 -793.0
550 -800.0
551 -800.0
552 -800.0
553 -800.0
554 -800.0
555 -800.0
556 -800.0
557 -800.0
558 -800.0
559 -800.0
560 -800.0
561 -800.0
562 -800.0
563 -800.0
564 -800.0
565 -800.0
566 -800.0
567 -800.0
568 -800.0
569 -800.0
570 -800.0
571 -793.0
572 -793.0
573 -793.0
574 -793.0
575 -793.0
576 -793.0
577 -800.0
578 -800.0
579 -800.0
580 -800.0
581 -800.0
582 -800.0
583 -800.0
584 -800.0
585 -800.0
586 -800.0
587 -800.0
588 -800.0
589 -793.0
590 -793.0
591 -800.0
592 -800.0
593 -800.0
594 -800.0
595 -800.0
596 -800.0
597 -800.0
598 -800.0
599 -800.0
600 -800.0
601 -793.0
602 -793.0
603 -793.0
604 -800.0
605 -800.0
606 -800.0
607 -800.0
608 -800.0
609 -800.0
610 -793.0
611 -800.0
612 -800.0
613 -800.0
614 -800.0
615 -800.0
616 -800.0
617 -800.0
618 -800.0
619 -800.0
620 -800.0
621 -800.0
622 -800.0
623 -800.0
624 -800.0
625 -800.0
626 -800.0
627 -800.0
628 -800.0
629 -800.0
630 -800.0
631 -793.0
632 -793.0
633 -793.0
634 -800.0
635 -800.0
636 -800.0
637 -800.0
638 -800.0
639 -800.0
640 -793.0
641 -800.0
642 -800.0
643 -800.0
644 -800.0
645 -800.0
646 -800.0
647 -800.0
648 -800.0
649 -800.0
650 -800.0
651 -800.0
652 -800.0
653 -800.0
654 -800.0
655 -800.0
656 -800.0
657 -800.0
658 -800.0
659 -800.0
660 -800.0
661 -793.0
662 -793.0
663 -793.0
664 -800.0
665 -800.0
666 -800.0
667 -800.0
668 -800.0
669 -800.0
670 -793.0
671 -800.0
672 -800.0
673 -800.0
674 -800.0
675 -800.0
