1 -396.0
2 -379.0
3 63.0
4 -396.0
5 -396.0
6 -379.0
7 -396.0
8 -388.0
9 -396.0
10 -396.0
11 53.0
12 -396.0
13 -396.0
14 -399.0
15 -396.0
16 -396.0
17 -399.0
18 -396.0
19 -396.0
20 -396.0
21 -396.0
22 -396.0
23 -396.0
24 -396.0
25 -396.0
26 -396.0
27 63.0
28 -396.0
29 -396.0
30 63.0
31 63.0
32 -396.0
33 63.0
34 63.0
35 -396.0
36 -396.0
37 63.0
38 -396.0
39 63.0
40 63.0
41 -396.0
42 -379.0
43 63.0
44 -396.0
45 63.0
46 -396.0
47 -396.0
48 63.0
49 -396.0
50 63.0
51 -379.0
52 -396.0
53 53.0
54 -396.0
55 -396.0
56 -396.0
57 -396.0
58 -396.0
59 63.0
60 -396.0
61 63.0
62 63.0
63 -396.0
64 63.0
65 63.0
66 -396.0
67 -396.0
68 -396.0
69 63.0
70 -396.0
71 -396.0
72 63.0
73 -396.0
74 63.0
75 -379.0
76 -396.0
77 63.0
78 -396.0
79 -379.0
80 -378.0
81 -378.0
82 -378.0
83 -378.0
84 -378.0
85 -378.0
86 -395.0
87 -378.0
88 -378.0
89 -378.0
90 -378.0
91 64.0
92 64.0
93 -395.0
94 -395.0
95 64.0
96 -395.0
97 -395.0
98 -377.0
99 -377.0
100 -377.0
101 -377.0
102 -377.0
103 -377.0
104 -377.0
105 -376.0
106 -394.0
107 66.0
108 -394.0
109 65.0
110 -394.0
111 65.0
112 -394.0
113 65.0
114 -376.0
115 -376.0
116 -376.0
117 -376.0
118 -376.0
119 -376.0
120 -376.0
121 66.0
122 66.0
123 66.0
124 -393.0
125 -376.0
126 -375.0
127 -375.0
128 -375.0
129 -375.0
130 -375.0
131 -375.0
132 67.0
133 68.0
134 67.0
135 -375.0
136 -375.0
137 -375.0
138 -374.0
139 -374.0
140 -374.0
141 -391.0
142 -374.0
143 -374.0
144 -374.0
145 -374.0
146 -374.0
147 -374.0
148 -374.0
149 -374.0
150 -373.0
151 -373.0
152 -373.0
153 -373.0
154 -373.0
155 -373.0
156 -373.0
157 -373.0
158 -372.0
159 -372.0
160 -372.0
161 -372.0
162 -372.0
163 -372.0
164 -389.0
165 -372.0
166 -372.0
167 -372.0
168 -372.0
169 -371.0
170 -371.0
171 -371.0
172 -371.0
173 -371.0
174 -371.0
175 -371.0
176 -371.0
177 -371.0
178 -370.0
179 -370.0
180 -370.0
181 -370.0
182 -370.0
183 -370.0
184 -370.0
185 -370.0
186 -370.0
187 -369.0
188 -369.0
189 -369.0
190 -369.0
191 -369.0
192 -369.0
193 -369.0
194 -368.0
195 -369.0
196 -386.0
197 -368.0
198 -368.0
199 -368.0
200 -368.0
201 -368.0
202 -368.0
203 -368.0
204 -368.0
205 -368.0
206 -367.0
207 -368.0
208 -367.0
209 -367.0
210 -367.0
211 -367.0
212 -367.0
213 -367.0
214 -367.0
215 -366.0
216 -366.0
217 -366.0
218 -366.0
219 -366.0
220 -366.0
221 -366.0
222 -365.0
223 -365.0
224 -365.0
225 -365.0
226 -365.0
227 -365.0
228 -365.0
229 -365.0
230 -365.0
231 -364.0
232 -364.0
233 -364.0
234 -364.0
235 -364.0
236 -364.0
237 -364.0
238 -364.0
239 -363.0
240 -363.0
241 -363.0
242 -363.0
243 -363.0
244 -363.0
245 -363.0
246 -363.0
247 -362.0
248 -362.0
249 -362.0
250 -362.0
251 -362.0
252 -362.0
253 -362.0
254 -362.0
255 -361.0
256 -361.0
257 -361.0
258 -361.0
259 -361.0
260 -361.0
261 -361.0
262 -361.0
263 -361.0
264 -360.0
265 -360.0
266 -360.0
267 -360.0
268 -360.0
269 -360.0
270 -360.0
271 83.0
272 83.0
273 83.0
274 99.0
275 83.0
276 83.0
277 83.0
278 83.0
279 83.0
280 83.0
281 83.0
282 83.0
283 83.0
284 83.0
285 83.0
286 83.0
287 99.0
288 83.0
289 83.0
290 82.0
291 83.0
292 83.0
293 83.0
294 83.0
295 83.0
296 83.0
297 99.0
298 99.0
299 83.0
300 83.0
301 99.0
302 100.0
303 100.0
304 100.0
305 83.0
306 83.0
307 83.0
308 83.0
309 83.0
310 83.0
311 83.0
312 83.0
313 83.0
314 83.0
315 83.0
316 83.0
317 84.0
318 84.0
319 84.0
320 83.0
321 83.0
322 83.0
323 83.0
324 84.0
325 83.0
326 83.0
327 83.0
328 83.0
329 83.0
330 83.0
331 100.0
332 100.0
333 100.0
334 100.0
335 83.0
336 100.0
337 84.0
338 83.0
339 83.0
340 83.0
341 -376.0
342 83.0
343 -376.0
344 83.0
345 -376.0
346 -359.0
347 83.0
348 83.0
349 83.0
350 83.0
351 83.0
352 84.0
353 83.0
354 83.0
355 83.0
356 83.0
357 83.0
358 83.0
359 84.0
360 83.0
361 100.0
362 100.0
363 100.0
364 100.0
365 100.0
366 83.0
367 100.0
368 84.0
369 84.0
370 100.0
371 -359.0
372 100.0
373 83.0
374 84.0
375 83.0
376 100.0
377 100.0
378 100.0
379 84.0
380 84.0
381 84.0
382 83.0
383 83.0
384 84.0
385 83.0
386 83.0
387 83.0
388 83.0
389 83.0
390 83.0
391 101.0
392 84.0
393 101.0
394 101.0
395 85.0
396 83.0
397 85.0
398 84.0
399 101.0
400 101.0
401 101.0
402 101.0
403 101.0
404 84.0
405 84.0
406 84.0
407 84.0
408 101.0
409 101.0
410 101.0
411 101.0
412 101.0
413 84.0
414 84.0
415 84.0
416 84.0
417 84.0
418 84.0
419 84.0
420 84.0
421 39.0
422 39.0
423 40.0
424 40.0
425 40.0
426 40.0
427 40.0
428 40.0
429 40.0
430 40.0
431 40.0
432 40.0
433 40.0
434 40.0
435 25.0
436 25.0
437 25.0
438 25.0
439 25.0
440 25.0
441 25.0
442 25.0
443 25.0
444 25.0
445 25.0
446 25.0
447 25.0
448 25.0
449 25.0
450 25.0
451 25.0
452 40.0
453 40.0
454 40.0
455 40.0
456 40.0
457 26.0
458 26.0
459 40.0
460 25.0
461 40.0
462 162.0
463 41.0
464 41.0
465 41.0
466 41.0
467 41.0
468 41.0
469 41.0
470 41.0
471 41.0
472 41.0
473 26.0
474 26.0
475 26.0
476 26.0
477 26.0
478 26.0
479 26.0
480 26.0
481 26.0
482 115.0
483 -277.0
484 -277.0
485 -277.0
486 -277.0
487 -276.0
488 -276.0
489 -276.0
490 -276.0
491 116.0
492 -529.0
493 117.0
494 423.0
495 -275.0
496 -275.0
497 -275.0
498 -275.0
499 -275.0
500 -275.0
501 -275.0
502 -275.0
503 -275.0
504 -311.0
505 -311.0
506 148.0
507 -371.0
508 148.0
509 -311.0
510 -311.0
511 -311.0
512 -311.0
513 424.0
514 -334.0
515 -274.0
516 -333.0
517 -308.0
518 -273.0
519 -272.0
520 -272.0
521 -272.0
522 -272.0
523 -272.0
524 -272.0
525 -272.0
526 -272.0
527 -272.0
528 -272.0
529 -272.0
530 -272.0
531 -272.0
532 -272.0
533 -272.0
534 -272.0
535 151.0
536 -308.0
537 -308.0
538 151.0
539 -368.0
540 151.0
541 151.0
542 151.0
543 233.0
544 168.0
545 168.0
546 -290.0
547 169.0
548 -289.0
549 94.0
550 170.0
551 170.0
552 170.0
553 170.0
554 170.0
555 171.0
556 171.0
557 171.0
558 171.0
559 171.0
560 171.0
561 171.0
562 171.0
563 171.0
564 171.0
565 94.0
566 94.0
567 -365.0
568 154.0
569 94.0
570 154.0
571 154.0
572 94.0
573 154.0
574 236.0
575 171.0
576 257.0
577 -1078.0
578 -1078.0
579 -1078.0
580 258.0
581 -286.0
582 243.0
583 -1076.0
584 259.0
585 239.0
586 260.0
587 -1076.0
588 -286.0
589 243.0
590 244.0
591 -284.0
592 -285.0
593 239.0
594 174.0
595 239.0
596 174.0
597 174.0
598 174.0
599 -284.0
600 175.0
601 -283.0
602 177.0
603 100.0
