1 -396.0
2 -396.0
3 -396.0
4 -400.0
5 -396.0
6 63.0
7 -396.0
8 -396.0
9 -396.0
10 -396.0
11 -396.0
12 -396.0
13 -396.0
14 -396.0
15 63.0
16 -396.0
17 -396.0
18 -400.0
19 -396.0
20 -396.0
21 -396.0
22 -396.0
23 -396.0
24 -396.0
25 59.0
26 -396.0
27 -379.0
28 -379.0
29 -396.0
30 -396.0
31 63.0
32 63.0
33 63.0
34 63.0
35 63.0
36 63.0
37 -396.0
38 63.0
39 63.0
40 -379.0
41 80.0
42 -379.0
43 -396.0
44 60.0
45 63.0
46 -396.0
47 -396.0
48 -396.0
49 63.0
50 63.0
51 63.0
52 63.0
53 63.0
54 -396.0
55 -396.0
56 63.0
57 -396.0
58 63.0
59 -396.0
60 -379.0
61 80.0
62 -920.0
63 63.0
64 63.0
65 63.0
66 -396.0
67 -396.0
68 80.0
69 63.0
70 80.0
71 -396.0
72 -396.0
73 -396.0
74 -396.0
75 -396.0
76 63.0
77 -396.0
78 -396.0
79 63.0
80 -396.0
81 -396.0
82 -396.0
83 -396.0
84 -396.0
85 -396.0
86 -396.0
87 -396.0
88 -396.0
89 -396.0
90 -396.0
91 80.0
92 63.0
93 63.0
94 -396.0
95 63.0
96 63.0
97 63.0
98 63.0
99 -396.0
100 -396.0
101 63.0
102 -396.0
103 -396.0
104 -396.0
105 -396.0
106 -396.0
107 -396.0
108 -396.0
109 -396.0
110 -396.0
111 -396.0
112 -396.0
113 -396.0
114 -396.0
115 63.0
116 -396.0
117 -396.0
118 -396.0
119 -396.0
120 -396.0
121 63.0
122 63.0
123 63.0
124 63.0
125 -396.0
126 -396.0
127 -396.0
128 -396.0
129 63.0
130 63.0
131 63.0
132 63.0
133 -396.0
134 -396.0
135 -396.0
136 -396.0
137 -396.0
138 -396.0
139 -396.0
140 -396.0
141 -396.0
142 -396.0
143 -396.0
144 -396.0
145 -396.0
146 -396.0
147 -396.0
148 -396.0
149 -396.0
150 -396.0
151 63.0
152 63.0
153 63.0
154 -396.0
155 -396.0
156 -396.0
157 -396.0
158 -396.0
159 -396.0
160 -396.0
161 -396.0
162 -396.0
163 -396.0
164 -396.0
165 -396.0
166 -396.0
167 63.0
168 -396.0
169 -396.0
170 -396.0
171 -399.0
172 -396.0
173 -396.0
174 -396.0
175 -396.0
176 -396.0
177 -396.0
178 -396.0
179 -396.0
180 -396.0
181 -396.0
182 -396.0
183 -396.0
184 -396.0
185 -396.0
186 -396.0
187 -396.0
188 63.0
189 -396.0
190 63.0
191 63.0
192 -396.0
193 -396.0
194 63.0
195 -396.0
196 -396.0
197 -396.0
198 -396.0
199 -396.0
200 -396.0
201 -396.0
202 -396.0
203 -396.0
204 -396.0
205 -396.0
206 -396.0
207 -396.0
208 -396.0
209 63.0
210 -396.0
211 80.0
212 81.0
213 64.0
214 64.0
215 64.0
216 65.0
217 81.0
218 81.0
219 -652.0
220 64.0
221 71.0
222 81.0
223 71.0
224 -378.0
225 64.0
226 64.0
227 64.0
228 54.0
229 65.0
230 81.0
231 81.0
232 81.0
233 64.0
234 81.0
235 81.0
236 -395.0
237 54.0
238 -395.0
239 82.0
240 82.0
241 65.0
242 65.0
243 65.0
244 82.0
245 -394.0
246 82.0
247 65.0
248 -377.0
249 82.0
250 55.0
251 66.0
252 -394.0
253 66.0
254 65.0
255 65.0
256 -377.0
257 55.0
258 66.0
259 65.0
260 66.0
261 66.0
262 66.0
263 84.0
264 67.0
265 68.0
266 -392.0
267 67.0
268 67.0
269 67.0
270 67.0
