1 -393.0
2 -393.0
3 -400.0
4 -359.0
5 -393.0
6 -393.0
7 -393.0
8 -400.0
9 -393.0
10 -400.0
11 -400.0
12 -393.0
13 100.0
14 -393.0
15 -393.0
16 -359.0
17 -393.0
18 -393.0
19 -400.0
20 -393.0
21 -393.0
22 -393.0
23 -393.0
24 -393.0
25 -359.0
26 -393.0
27 -393.0
28 -400.0
29 -393.0
30 -359.0
31 100.0
32 -393.0
33 -393.0
34 -393.0
35 -359.0
36 -393.0
37 -359.0
38 -378.0
39 67.0
40 -393.0
41 -393.0
42 -393.0
43 67.0
44 -393.0
45 -359.0
46 -359.0
47 -359.0
48 66.0
49 -393.0
50 -393.0
51 -393.0
52 -393.0
53 -359.0
54 -393.0
55 -393.0
56 -393.0
57 -393.0
58 -359.0
59 -393.0
60 66.0
61 100.0
62 -393.0
63 -393.0
64 -359.0
65 67.0
66 100.0
67 -393.0
68 192.0
69 -393.0
70 56.0
71 -393.0
72 -393.0
73 -393.0
74 -393.0
75 -393.0
76 -393.0
77 -393.0
78 -393.0
79 -393.0
80 -393.0
81 -393.0
82 -393.0
83 -393.0
84 -393.0
85 -393.0
86 -393.0
87 -393.0
88 -393.0
89 -393.0
90 -393.0
91 192.0
92 56.0
93 -393.0
94 -393.0
95 -393.0
96 -393.0
97 -393.0
98 -393.0
99 -393.0
100 -393.0
101 -393.0
102 -393.0
103 -393.0
104 -393.0
105 -359.0
106 69.0
107 -359.0
108 68.0
109 -393.0
110 -359.0
111 -393.0
112 -393.0
113 -393.0
114 -393.0
115 -393.0
116 -393.0
117 -393.0
118 -393.0
119 -393.0
120 -393.0
121 156.0
122 -793.0
123 156.0
124 -793.0
125 -793.0
126 -793.0
127 -793.0
128 -793.0
129 -731.0
130 -733.0
131 -793.0
132 -793.0
133 -793.0
134 -793.0
135 -793.0
136 -793.0
137 -793.0
138 -793.0
139 -793.0
140 -793.0
141 -793.0
142 -793.0
143 -793.0
144 -793.0
145 -793.0
146 -793.0
147 -793.0
148 -793.0
149 -793.0
150 -793.0
151 -793.0
152 -793.0
153 -793.0
154 -793.0
155 -731.0
156 -731.0
157 -205.0
158 -731.0
159 -793.0
160 -793.0
161 -793.0
162 -793.0
163 -793.0
164 -793.0
165 -793.0
166 -793.0
167 -793.0
168 -793.0
169 -793.0
170 -793.0
171 -793.0
172 -793.0
173 -793.0
174 -793.0
175 -793.0
176 -793.0
177 -793.0
178 -793.0
179 -793.0
180 -793.0
181 -793.0
182 -793.0
183 -793.0
184 -793.0
185 -205.0
186 -205.0
187 -725.0
188 -793.0
189 -793.0
190 -793.0
191 -793.0
192 -793.0
193 -793.0
194 -793.0
195 -793.0
196 -793.0
197 -793.0
198 -793.0
199 -793.0
200 -793.0
201 -793.0
202 -793.0
203 -793.0
204 -793.0
205 -793.0
206 -793.0
207 -793.0
208 -793.0
209 -793.0
210 -793.0
211 -793.0
212 -793.0
213 -793.0
214 -205.0
215 -793.0
216 -793.0
217 -793.0
218 -793.0
219 -793.0
220 -793.0
221 -793.0
222 -793.0
223 -793.0
224 -793.0
225 -793.0
226 -793.0
227 -793.0
228 -793.0
229 -793.0
230 -793.0
231 -793.0
232 -793.0
233 -793.0
234 -793.0
235 -793.0
236 -793.0
237 -793.0
238 -793.0
239 -793.0
240 -793.0
241 -793.0
242 -793.0
243 -793.0
244 -793.0
245 -793.0
246 -793.0
247 -793.0
248 -793.0
249 -793.0
250 -793.0
251 -793.0
252 -793.0
253 -793.0
254 -743.0
255 -793.0
256 -793.0
257 -793.0
258 -793.0
259 -793.0
260 -793.0
261 -793.0
262 -793.0
263 -793.0
264 -793.0
265 -793.0
266 -793.0
267 -793.0
268 -793.0
269 -793.0
270 -793.0
271 -793.0
272 -793.0
273 -793.0
274 -793.0
275 -793.0
276 -793.0
277 -793.0
278 -793.0
279 -743.0
280 -743.0
281 -793.0
282 -793.0
283 -793.0
284 -793.0
285 -793.0
286 -793.0
287 -793.0
288 -793.0
289 -793.0
290 -793.0
291 -793.0
292 -765.0
293 -765.0
294 -765.0
295 -793.0
296 -793.0
297 -793.0
298 -793.0
299 -793.0
300 -793.0
301 -793.0
302 -793.0
303 -793.0
304 -793.0
305 -793.0
306 -793.0
307 -793.0
308 -793.0
309 -743.0
310 -743.0
311 -793.0
312 -793.0
313 -793.0
314 -793.0
315 -793.0
316 -793.0
317 -793.0
318 -793.0
319 -793.0
320 -793.0
321 -765.0
322 -765.0
323 -793.0
324 -793.0
325 -793.0
326 -793.0
327 -793.0
328 -793.0
329 -793.0
330 -793.0
331 -793.0
332 -793.0
333 -793.0
334 156.0
335 -793.0
336 -793.0
337 -793.0
338 -793.0
339 -743.0
340 -793.0
341 -793.0
342 -793.0
343 -793.0
344 -793.0
345 -793.0
346 -793.0
347 -793.0
348 -793.0
349 -793.0
350 -793.0
351 -765.0
352 -765.0
353 -793.0
354 -793.0
355 -793.0
356 -765.0
357 -793.0
358 -793.0
359 -793.0
360 -800.0
361 -793.0
362 -793.0
363 156.0
364 -793.0
365 -793.0
366 -793.0
367 -793.0
368 -743.0
369 156.0
370 -793.0
371 -793.0
372 -793.0
373 -793.0
374 -793.0
375 -793.0
376 -793.0
377 -793.0
378 -765.0
379 -765.0
380 -793.0
381 -793.0
382 -765.0
383 -765.0
384 -793.0
385 -793.0
386 -793.0
387 -793.0
388 -793.0
389 -793.0
390 -793.0
391 -793.0
392 -793.0
393 -793.0
394 -793.0
395 -793.0
396 -793.0
397 -793.0
398 -793.0
399 -793.0
400 -793.0
401 -793.0
402 -793.0
403 -793.0
404 -793.0
405 -765.0
406 -765.0
407 -793.0
408 -765.0
409 -765.0
410 -765.0
411 -793.0
412 -793.0
413 -793.0
414 -793.0
415 -793.0
416 -793.0
417 -793.0
418 -793.0
419 -793.0
420 -793.0
421 -793.0
422 -793.0
423 -793.0
424 -793.0
425 -793.0
426 -743.0
427 -793.0
428 -793.0
429 -793.0
430 -793.0
431 -793.0
432 -793.0
433 -793.0
434 -793.0
435 -765.0
436 -765.0
437 -765.0
438 -765.0
439 -765.0
440 -765.0
441 -793.0
442 -793.0
443 -793.0
444 -793.0
445 -793.0
446 -793.0
447 -793.0
448 -793.0
449 -793.0
450 -793.0
451 -793.0
452 -793.0
453 -793.0
454 -793.0
455 -743.0
456 -793.0
457 -793.0
458 -793.0
459 -793.0
460 -793.0
461 -793.0
462 -793.0
463 -793.0
464 -793.0
465 -765.0
466 -765.0
467 -765.0
468 -765.0
469 -765.0
470 -765.0
471 -793.0
472 -793.0
473 -793.0
474 -793.0
475 -793.0
476 -793.0
477 -793.0
478 -793.0
479 -793.0
480 -793.0
481 -793.0
482 -793.0
483 -793.0
484 -793.0
485 -743.0
486 -743.0
487 -793.0
488 -793.0
489 -793.0
490 -793.0
491 -793.0
492 -793.0
493 -793.0
494 -793.0
495 -765.0
496 -765.0
497 -765.0
498 -765.0
499 -765.0
500 -793.0
501 -793.0
502 -793.0
503 -793.0
504 -793.0
505 -793.0
506 -793.0
507 -793.0
508 -793.0
509 -793.0
510 -793.0
511 -793.0
512 -793.0
513 -793.0
514 -793.0
515 -743.0
516 -743.0
517 -793.0
518 -793.0
519 -793.0
520 -793.0
521 -793.0
522 -793.0
523 -793.0
524 -793.0
525 -765.0
526 -765.0
527 -765.0
528 -765.0
529 -765.0
530 -793.0
531 -793.0
532 -793.0
533 -793.0
534 -793.0
535 -793.0
536 -793.0
537 -793.0
538 -793.0
539 -793.0
540 -793.0
541 -793.0
542 -793.0
543 -793.0
544 -793.0
545 -743.0
546 -793.0
547 -793.0
548 -793.0
549 -793.0
550 -793.0
551 -793.0
552 -793.0
553 -793.0
554 -765.0
555 -765.0
556 -765.0
557 -765.0
558 -793.0
559 -765.0
560 -765.0
561 -793.0
562 -793.0
563 -793.0
564 -793.0
565 -793.0
566 -793.0
567 -793.0
568 -793.0
569 -793.0
570 -793.0
571 -793.0
572 -793.0
573 -793.0
574 -793.0
575 -743.0
576 -793.0
577 -793.0
578 -793.0
579 -793.0
580 -793.0
581 -793.0
582 -793.0
583 -765.0
584 -765.0
585 -765.0
586 -765.0
587 -765.0
588 -765.0
589 -765.0
590 -793.0
591 -793.0
592 -793.0
593 -793.0
594 -793.0
595 -793.0
596 -793.0
597 -793.0
598 -793.0
599 -793.0
600 -793.0
601 -793.0
602 -793.0
603 -793.0
604 -793.0
605 -743.0
606 -793.0
607 -793.0
608 -793.0
609 -793.0
610 -793.0
611 -793.0
612 -765.0
613 -765.0
614 -765.0
615 -765.0
616 -765.0
617 -793.0
618 -793.0
619 -793.0
620 -793.0
621 -793.0
622 -793.0
623 -793.0
624 -793.0
625 -793.0
626 -793.0
627 -793.0
628 -793.0
629 -793.0
630 -793.0
631 -793.0
632 -793.0
633 -743.0
634 -793.0
635 -793.0
636 -793.0
637 -765.0
638 -765.0
639 -765.0
640 -765.0
641 -793.0
642 -793.0
643 -793.0
644 -793.0
645 -793.0
646 -793.0
647 -793.0
648 -793.0
649 -793.0
650 -793.0
651 -793.0
652 -793.0
653 -793.0
654 -793.0
655 -793.0
656 -793.0
657 -793.0
658 -793.0
659 -793.0
660 -793.0
661 -793.0
662 -793.0
663 -743.0
664 -793.0
665 -793.0
666 -793.0
667 -765.0
668 -765.0
669 -765.0
670 -765.0
671 -793.0
672 -793.0
673 -793.0
674 -793.0
675 -793.0
676 -793.0
677 -793.0
678 -793.0
679 -793.0
680 -793.0
681 -793.0
682 -793.0
683 -793.0
684 -793.0
685 -793.0
686 -793.0
687 -793.0
688 -793.0
689 -793.0
690 -793.0
691 -793.0
692 -793.0
693 -743.0
694 -793.0
695 -793.0
696 -793.0
697 -765.0
698 -765.0
699 -765.0
700 -765.0
701 -793.0
702 -793.0
703 -793.0
704 -793.0
705 -793.0
706 -793.0
707 -793.0
708 -793.0
709 -793.0
710 -793.0
711 -793.0
712 -793.0
713 -793.0
714 -793.0
715 -793.0
716 -793.0
717 -793.0
718 -793.0
719 -793.0
720 -793.0
721 -793.0
722 -793.0
723 -743.0
724 -793.0
725 -793.0
726 -793.0
727 -765.0
728 -765.0
729 -765.0
730 -765.0
731 -793.0
732 -793.0
733 -793.0
734 -793.0
735 -793.0
736 -793.0
737 -793.0
738 -793.0
739 -793.0
740 -793.0
741 -793.0
742 -793.0
743 -793.0
744 -793.0
745 -793.0
746 -793.0
747 -793.0
748 -793.0
749 -793.0
750 -793.0
751 -793.0
752 -793.0
753 -743.0
754 -793.0
755 -793.0
756 -793.0
757 -765.0
758 -765.0
759 -765.0
760 -765.0
761 -793.0
762 -793.0
763 -793.0
764 -793.0
765 -793.0
766 -793.0
767 -793.0
768 -793.0
769 -793.0
770 -793.0
771 -793.0
772 -793.0
773 -793.0
774 -793.0
775 -793.0
776 -793.0
777 -793.0
778 -793.0
779 -793.0
780 -793.0
781 -793.0
782 -793.0
783 -743.0
784 -793.0
785 -793.0
786 -793.0
787 -765.0
788 -765.0
789 -765.0
790 -765.0
791 -793.0
792 -793.0
793 -793.0
794 -793.0
795 -793.0
796 -793.0
797 -793.0
798 -793.0
799 -793.0
800 -793.0
801 -793.0
802 -793.0
803 -793.0
804 -793.0
805 -793.0
806 -793.0
807 -793.0
808 -793.0
809 -793.0
810 -793.0
811 -793.0
812 -793.0
813 -743.0
814 -793.0
815 -793.0
816 -793.0
817 -765.0
818 -765.0
819 -765.0
820 -765.0
821 -793.0
822 -793.0
823 -793.0
824 -793.0
825 -793.0
826 -793.0
827 -793.0
828 -793.0
829 -793.0
830 -793.0
831 -793.0
832 -793.0
833 -793.0
834 -793.0
835 -793.0
836 -793.0
837 -793.0
838 -793.0
839 -793.0
840 -793.0
841 -793.0
842 -793.0
843 -743.0
844 -793.0
845 -793.0
846 -793.0
847 -765.0
848 -765.0
849 -765.0
850 -765.0
851 -793.0
852 -793.0
853 -793.0
854 -793.0
855 -793.0
856 -793.0
857 -793.0
858 -793.0
859 -793.0
860 -793.0
861 -793.0
862 -793.0
863 -793.0
864 -800.0
865 -793.0
866 -793.0
867 -793.0
868 -793.0
869 -793.0
870 -793.0
871 -793.0
872 -793.0
873 -743.0
874 -793.0
875 -793.0
876 -793.0
877 -765.0
878 -765.0
879 -765.0
880 -765.0
881 -793.0
882 -793.0
883 -793.0
884 -793.0
885 -793.0
886 -793.0
887 -793.0
888 -793.0
889 -793.0
890 -793.0
891 -793.0
892 -793.0
893 -793.0
894 -793.0
895 -793.0
896 -793.0
897 -793.0
898 -793.0
899 -793.0
900 -793.0
901 -793.0
902 -793.0
903 -743.0
904 -793.0
905 -793.0
906 -793.0
907 -765.0
908 -765.0
909 -765.0
910 -765.0
911 -793.0
912 -793.0
913 -793.0
914 -793.0
915 -793.0
916 -793.0
917 -793.0
918 -793.0
919 -793.0
920 -793.0
921 -793.0
922 -793.0
923 -793.0
924 -793.0
925 -793.0
926 -793.0
927 -793.0
928 -793.0
929 -793.0
930 -793.0
931 -793.0
932 -793.0
933 -743.0
934 -793.0
935 -793.0
936 -793.0
937 -765.0
938 -765.0
939 -765.0
940 -765.0
941 -793.0
942 -793.0
943 -793.0
944 -793.0
945 -793.0
946 -793.0
947 -793.0
948 -793.0
949 -793.0
950 -793.0
951 -793.0
952 -793.0
953 -793.0
954 -793.0
955 -793.0
956 -793.0
957 -793.0
958 -793.0
959 -793.0
960 -793.0
961 -793.0
962 -793.0
963 -743.0
964 -793.0
965 -793.0
966 -793.0
967 -765.0
968 -765.0
969 -765.0
970 -765.0
971 -793.0
972 -793.0
973 -793.0
974 -793.0
975 -793.0
976 -793.0
977 -793.0
978 -793.0
979 -793.0
980 -793.0
981 -793.0
982 -793.0
983 -793.0
984 -793.0
985 -793.0
986 -793.0
987 -793.0
988 -793.0
