1 -396.0
2 -379.0
3 -396.0
4 -396.0
5 -396.0
6 -396.0
7 70.0
8 63.0
9 -379.0
10 -396.0
11 -396.0
12 63.0
13 -396.0
14 -396.0
15 -379.0
16 -388.0
17 -396.0
18 -396.0
19 -396.0
20 -396.0
21 63.0
22 -396.0
23 -396.0
24 -396.0
25 -396.0
26 -396.0
27 63.0
28 -396.0
29 -399.0
30 -396.0
31 70.0
32 63.0
33 -396.0
34 -396.0
35 -396.0
36 63.0
37 63.0
38 -396.0
39 63.0
40 70.0
41 53.0
42 63.0
43 -396.0
44 -396.0
45 -396.0
46 -396.0
47 63.0
48 63.0
49 63.0
50 63.0
51 63.0
52 -396.0
53 -396.0
54 -396.0
55 -396.0
56 53.0
57 -396.0
