1 -396.0
2 -396.0
3 63.0
4 -396.0
5 -396.0
6 -396.0
7 -379.0
8 -396.0
9 -396.0
10 -396.0
11 63.0
12 -396.0
13 -396.0
14 -396.0
15 -396.0
16 -396.0
17 60.0
18 -396.0
19 -396.0
20 -396.0
21 -396.0
22 -388.0
23 -396.0
24 -396.0
25 -396.0
26 -399.0
27 -396.0
28 -396.0
29 -396.0
30 -396.0
31 63.0
32 60.0
33 -396.0
34 -379.0
35 63.0
36 60.0
37 63.0
38 -396.0
39 63.0
40 -396.0
41 -396.0
42 -396.0
43 -379.0
44 63.0
45 -388.0
46 -396.0
47 -396.0
48 -396.0
49 -396.0
50 -396.0
51 -396.0
52 -396.0
53 -379.0
54 63.0
55 -396.0
56 63.0
57 60.0
58 63.0
59 -379.0
60 -396.0
61 63.0
62 63.0
63 -396.0
64 63.0
65 -396.0
66 -396.0
67 63.0
68 -379.0
69 -379.0
70 -379.0
71 -379.0
72 -379.0
73 -379.0
74 -388.0
75 -379.0
76 -379.0
77 -379.0
78 -387.0
79 -379.0
80 -378.0
81 -378.0
82 -378.0
83 -378.0
84 -378.0
85 -395.0
86 -378.0
87 -378.0
88 -378.0
89 -378.0
90 -377.0
91 64.0
92 64.0
93 64.0
94 -377.0
95 -377.0
96 -377.0
97 -377.0
98 -377.0
99 -377.0
100 -377.0
101 -377.0
102 -377.0
103 -377.0
104 -377.0
105 -377.0
106 -377.0
107 -377.0
108 -377.0
109 -377.0
110 -377.0
111 -377.0
112 -377.0
113 -377.0
114 -377.0
115 -377.0
116 -377.0
117 -377.0
118 -377.0
119 -394.0
120 -394.0
