1 -396.0
2 -396.0
3 -396.0
4 63.0
5 63.0
6 -396.0
7 -396.0
8 -396.0
9 -400.0
10 -396.0
11 -396.0
12 63.0
13 -396.0
14 -396.0
15 -396.0
16 -396.0
17 -396.0
18 -400.0
19 -396.0
20 81.0
21 -395.0
22 -378.0
23 -377.0
24 -378.0
25 -395.0
26 -395.0
27 -398.0
28 -395.0
29 -395.0
30 -395.0
31 83.0
32 -393.0
33 83.0
34 -393.0
35 -393.0
36 56.0
37 -393.0
38 67.0
39 -376.0
40 -393.0
41 66.0
42 -393.0
43 -393.0
44 85.0
45 -391.0
46 86.0
47 69.0
48 69.0
49 69.0
50 86.0
51 69.0
52 69.0
53 -390.0
54 -372.0
55 70.0
56 69.0
57 -373.0
58 69.0
59 -390.0
60 59.0
