1 -393.0
2 -393.0
3 -393.0
4 -393.0
5 -393.0
6 100.0
7 -393.0
8 -393.0
9 -393.0
10 -400.0
11 -393.0
12 66.0
13 -393.0
14 66.0
15 66.0
16 -393.0
17 -393.0
18 -393.0
19 -393.0
20 56.0
21 -393.0
22 -393.0
23 66.0
24 -393.0
25 -393.0
26 -393.0
27 -393.0
28 -393.0
29 -393.0
30 -393.0
31 100.0
32 -393.0
33 66.0
34 -393.0
35 -393.0
36 -393.0
37 -393.0
38 -393.0
39 66.0
40 -393.0
41 66.0
42 -393.0
43 66.0
44 66.0
45 -393.0
46 -393.0
47 -393.0
48 66.0
49 -393.0
50 -393.0
51 66.0
52 66.0
53 -393.0
54 66.0
55 -350.0
56 -393.0
57 -393.0
58 66.0
59 -393.0
60 66.0
61 100.0
62 66.0
63 66.0
64 100.0
65 -393.0
66 -393.0
67 -393.0
68 -393.0
69 -393.0
70 66.0
71 -393.0
72 66.0
73 -359.0
74 66.0
75 -393.0
76 60.0
77 -393.0
78 -393.0
79 -393.0
80 -393.0
81 66.0
82 -393.0
83 -359.0
84 -393.0
85 66.0
86 -393.0
87 66.0
88 -400.0
89 -393.0
90 66.0
91 100.0
92 -393.0
93 -359.0
94 -359.0
95 -393.0
96 66.0
97 -393.0
98 100.0
99 91.0
100 66.0
101 -393.0
102 -393.0
103 -393.0
104 -393.0
105 -393.0
106 -393.0
107 100.0
108 -393.0
109 -393.0
110 100.0
111 -393.0
112 -359.0
113 66.0
114 66.0
115 -400.0
116 100.0
117 66.0
118 66.0
119 66.0
120 66.0
121 100.0
122 -359.0
123 -359.0
124 -189.0
125 -393.0
126 66.0
127 -393.0
128 100.0
129 100.0
130 -359.0
131 -359.0
132 192.0
133 -359.0
134 -359.0
135 100.0
136 100.0
137 100.0
138 100.0
139 100.0
140 100.0
141 100.0
142 100.0
143 100.0
144 100.0
145 -359.0
146 -359.0
147 -359.0
148 66.0
149 -393.0
150 100.0
151 100.0
152 100.0
153 100.0
154 100.0
155 100.0
156 100.0
157 100.0
158 100.0
159 100.0
160 100.0
161 100.0
162 100.0
163 100.0
164 100.0
165 100.0
166 100.0
167 100.0
168 100.0
169 100.0
170 100.0
171 100.0
172 100.0
173 100.0
174 100.0
175 100.0
176 100.0
177 100.0
178 100.0
179 100.0
180 100.0
181 -689.0
182 -689.0
183 -689.0
184 -689.0
185 -689.0
186 -298.0
187 -689.0
188 -689.0
189 -749.0
190 -689.0
191 -689.0
192 -229.0
193 -689.0
194 -601.0
195 -689.0
196 -689.0
197 -689.0
198 -689.0
199 -689.0
200 -689.0
201 -689.0
202 -413.0
203 -749.0
204 -689.0
205 -689.0
206 -689.0
207 -689.0
208 -601.0
209 -689.0
210 -689.0
211 -229.0
212 -689.0
213 -689.0
214 -689.0
215 -689.0
216 -413.0
217 -689.0
218 -689.0
219 -689.0
220 -689.0
221 -689.0
222 -689.0
223 -689.0
224 -689.0
225 -689.0
226 -689.0
227 -689.0
228 -689.0
229 -601.0
230 -689.0
231 -689.0
232 -689.0
233 -689.0
234 -689.0
235 -689.0
236 -689.0
237 -689.0
238 -689.0
239 -689.0
240 -689.0
241 -229.0
242 -298.0
243 -689.0
244 -413.0
245 -689.0
246 -689.0
247 -689.0
248 -689.0
249 -689.0
250 -689.0
251 -601.0
252 -13.0
253 -689.0
254 -976.0
255 -689.0
256 -689.0
257 -689.0
258 -689.0
259 -689.0
260 -689.0
261 -689.0
262 -689.0
263 -689.0
264 -689.0
265 -689.0
266 -689.0
267 -229.0
268 -749.0
269 -689.0
270 -689.0
271 -229.0
272 -749.0
273 -413.0
274 -413.0
275 -689.0
276 -413.0
277 -689.0
278 -689.0
279 -689.0
280 -689.0
281 -13.0
282 -601.0
283 -13.0
284 -689.0
285 -689.0
286 -689.0
287 -689.0
288 -689.0
289 -689.0
290 -689.0
291 -689.0
292 -229.0
293 -229.0
294 -229.0
295 -749.0
296 -639.0
297 -229.0
298 -689.0
299 -689.0
300 -689.0
