1 -400.0
2 -396.0
3 -396.0
4 -396.0
5 -396.0
6 53.0
7 -396.0
8 -396.0
9 -396.0
10 63.0
11 53.0
12 -396.0
13 -396.0
14 80.0
15 -396.0
16 53.0
17 -396.0
18 -396.0
19 -396.0
20 -379.0
21 -379.0
22 -396.0
23 -396.0
24 -396.0
25 -396.0
26 -396.0
27 -379.0
28 -396.0
29 -396.0
30 -396.0
31 80.0
32 53.0
33 -396.0
34 53.0
35 53.0
36 53.0
37 -396.0
38 80.0
39 -396.0
40 80.0
41 -396.0
42 81.0
43 81.0
44 -378.0
45 81.0
46 64.0
47 -395.0
48 54.0
49 -395.0
50 -395.0
51 -388.0
52 54.0
53 54.0
54 -387.0
55 81.0
56 81.0
57 64.0
58 64.0
59 61.0
60 64.0
61 81.0
62 81.0
63 82.0
64 82.0
65 82.0
66 -394.0
67 -394.0
68 -394.0
69 -394.0
70 -394.0
71 -394.0
72 -394.0
73 -394.0
74 -394.0
75 -394.0
76 -394.0
77 -394.0
78 -394.0
79 -394.0
80 -394.0
81 -394.0
82 -394.0
83 -394.0
84 -394.0
85 -394.0
86 -394.0
87 -394.0
88 -394.0
89 -394.0
90 -394.0
91 -394.0
92 -394.0
93 -394.0
94 -394.0
95 -394.0
96 -394.0
97 -394.0
98 -394.0
99 -394.0
100 -394.0
101 -394.0
102 -394.0
103 -394.0
104 -394.0
105 -394.0
106 -394.0
107 -394.0
108 -394.0
109 -394.0
110 -394.0
111 -394.0
112 -394.0
113 -394.0
114 -394.0
115 -394.0
116 -394.0
117 -394.0
118 -394.0
119 -394.0
120 -394.0
121 -394.0
122 -394.0
123 -394.0
124 -394.0
125 -394.0
126 -394.0
127 -394.0
128 -394.0
129 -394.0
130 -394.0
131 -394.0
132 -394.0
133 -394.0
134 -394.0
135 -394.0
136 -394.0
137 -394.0
138 -394.0
139 -394.0
140 -394.0
141 -394.0
142 -394.0
143 -394.0
144 -394.0
145 -394.0
146 -394.0
147 -394.0
148 -394.0
149 -394.0
150 -394.0
151 -394.0
152 -394.0
153 -394.0
154 -394.0
155 -394.0
156 -394.0
157 -394.0
158 -394.0
159 -394.0
160 -394.0
161 -394.0
162 -394.0
163 -394.0
164 -394.0
165 -394.0
166 -394.0
167 -394.0
168 -394.0
169 -394.0
170 -394.0
171 -394.0
172 -394.0
173 -394.0
174 -394.0
175 -394.0
176 -394.0
177 -394.0
178 -394.0
179 -394.0
180 -394.0
181 -394.0
182 -394.0
183 -394.0
184 -394.0
185 -394.0
186 -394.0
187 -394.0
188 -394.0
189 -394.0
190 -394.0
191 -394.0
192 -394.0
193 -394.0
194 -394.0
195 -394.0
196 -394.0
197 -394.0
198 -394.0
199 -394.0
200 -394.0
201 -394.0
202 -394.0
203 -394.0
204 -394.0
205 -394.0
206 -394.0
207 -394.0
208 -394.0
209 -394.0
210 -394.0
211 82.0
212 82.0
213 82.0
214 82.0
215 82.0
216 83.0
217 83.0
218 83.0
219 66.0
220 83.0
221 83.0
222 83.0
223 83.0
224 83.0
225 83.0
226 83.0
227 84.0
228 84.0
229 84.0
230 84.0
231 84.0
232 84.0
233 67.0
234 84.0
235 84.0
236 84.0
237 85.0
238 85.0
239 85.0
240 85.0
241 85.0
242 85.0
243 85.0
244 85.0
245 85.0
246 86.0
247 86.0
248 86.0
249 86.0
250 86.0
251 86.0
252 86.0
253 86.0
254 86.0
255 87.0
256 87.0
257 87.0
258 87.0
259 87.0
260 87.0
261 87.0
262 87.0
263 88.0
264 88.0
265 88.0
266 88.0
267 71.0
268 88.0
269 88.0
270 88.0
271 88.0
272 88.0
273 88.0
274 88.0
275 89.0
276 89.0
277 89.0
278 89.0
279 89.0
280 72.0
281 72.0
282 72.0
283 89.0
284 89.0
285 89.0
286 89.0
287 89.0
288 89.0
289 89.0
290 90.0
291 90.0
292 90.0
293 90.0
294 90.0
295 90.0
296 90.0
297 73.0
298 90.0
299 90.0
300 90.0
301 91.0
302 91.0
303 91.0
304 91.0
305 91.0
306 91.0
307 91.0
308 91.0
309 91.0
310 91.0
311 91.0
312 91.0
313 91.0
314 92.0
315 92.0
316 92.0
317 92.0
318 92.0
319 92.0
320 92.0
321 92.0
322 92.0
323 92.0
324 93.0
325 93.0
326 93.0
327 93.0
328 93.0
329 93.0
330 93.0
331 93.0
332 93.0
333 93.0
334 93.0
335 93.0
336 76.0
337 93.0
338 94.0
339 94.0
340 94.0
341 95.0
342 95.0
343 96.0
344 96.0
345 96.0
346 96.0
347 96.0
348 96.0
349 96.0
350 96.0
351 96.0
352 96.0
353 96.0
354 96.0
355 97.0
356 97.0
357 97.0
358 97.0
359 97.0
360 97.0
361 97.0
362 97.0
363 97.0
364 97.0
365 99.0
366 99.0
367 99.0
368 99.0
369 99.0
370 99.0
371 100.0
372 100.0
373 100.0
374 100.0
375 100.0
376 100.0
377 100.0
378 100.0
379 100.0
380 100.0
381 101.0
382 101.0
383 101.0
384 101.0
385 101.0
386 84.0
387 101.0
388 84.0
389 101.0
390 101.0
391 101.0
392 102.0
393 102.0
394 102.0
395 102.0
396 102.0
397 102.0
398 102.0
399 102.0
400 102.0
401 85.0
402 102.0
403 104.0
404 104.0
405 104.0
406 87.0
407 104.0
408 106.0
409 107.0
410 109.0
411 109.0
412 109.0
413 111.0
414 112.0
415 95.0
416 113.0
417 95.0
418 113.0
419 113.0
420 113.0
421 113.0
422 113.0
423 115.0
424 114.0
425 114.0
426 114.0
427 116.0
428 116.0
429 116.0
430 115.0
431 113.0
432 115.0
433 113.0
434 111.0
435 114.0
436 116.0
437 114.0
438 116.0
439 119.0
440 121.0
441 124.0
442 122.0
443 120.0
444 122.0
445 125.0
446 127.0
447 130.0
448 132.0
449 135.0
450 137.0
451 135.0
452 138.0
453 140.0
454 138.0
455 141.0
456 143.0
457 145.0
458 146.0
459 148.0
460 148.0
461 148.0
462 148.0
463 151.0
464 153.0
465 151.0
466 149.0
467 152.0
468 150.0
469 152.0
470 150.0
471 150.0
472 153.0
473 155.0
474 158.0
475 160.0
476 163.0
477 165.0
478 167.0
479 170.0
480 172.0
481 175.0
482 177.0
483 176.0
484 179.0
485 177.0
486 175.0
487 173.0
488 170.0
489 168.0
490 166.0
491 163.0
492 161.0
493 150.0
494 159.0
495 156.0
496 154.0
497 152.0
498 -310.0
499 147.0
500 145.0
501 142.0
502 140.0
503 138.0
504 135.0
505 117.0
506 133.0
507 131.0
508 128.0
509 126.0
510 123.0
511 121.0
512 119.0
513 121.0
514 119.0
515 117.0
516 115.0
517 118.0
518 120.0
519 123.0
520 126.0
521 126.0
522 124.0
523 122.0
524 103.0
525 119.0
526 101.0
527 117.0
528 115.0
529 113.0
530 110.0
531 108.0
532 105.0
533 103.0
534 101.0
535 98.0
536 96.0
537 94.0
538 91.0
539 -365.0
540 92.0
541 89.0
542 87.0
543 85.0
544 78.0
545 77.0
546 78.0
547 81.0
548 80.0
549 79.0
550 -192.0
551 75.0
552 74.0
553 72.0
554 74.0
555 76.0
556 76.0
557 77.0
558 7.0
559 76.0
560 6.0
561 75.0
562 77.0
563 76.0
564 76.0
565 75.0
566 70.0
567 69.0
568 -198.0
569 181.0
570 72.0
571 71.0
572 -1070.0
573 -1070.0
574 179.0
575 70.0
576 72.0
577 74.0
578 69.0
579 72.0
580 67.0
581 70.0
582 69.0
583 65.0
584 136.0
585 64.0
586 63.0
587 65.0
588 65.0
589 -8.0
590 60.0
591 62.0
592 -7.0
593 66.0
594 65.0
595 -5.0
596 69.0
597 68.0
598 -203.0
599 64.0
600 66.0
601 62.0
602 63.0
603 62.0
604 61.0
605 128.0
606 128.0
607 128.0
608 128.0
609 128.0
610 128.0
611 129.0
612 129.0
613 129.0
614 52.0
615 130.0
616 130.0
617 131.0
618 131.0
619 131.0
620 131.0
621 131.0
622 132.0
623 132.0
624 132.0
625 132.0
626 132.0
627 132.0
628 125.0
629 132.0
630 132.0
631 134.0
632 134.0
633 134.0
634 135.0
635 134.0
636 135.0
637 135.0
638 135.0
639 135.0
640 125.0
641 135.0
642 135.0
643 135.0
644 135.0
645 135.0
646 136.0
647 136.0
648 136.0
649 70.0
650 135.0
651 135.0
652 135.0
653 135.0
654 135.0
655 136.0
656 136.0
657 136.0
658 136.0
659 136.0
660 136.0
661 136.0
662 136.0
663 137.0
664 137.0
665 137.0
666 137.0
667 137.0
668 137.0
669 137.0
670 137.0
671 137.0
672 138.0
673 138.0
674 138.0
675 138.0
676 138.0
677 138.0
678 138.0
679 138.0
680 138.0
681 138.0
682 139.0
683 139.0
684 139.0
685 139.0
686 139.0
687 139.0
688 139.0
689 139.0
690 139.0
691 139.0
692 140.0
693 140.0
694 141.0
695 75.0
696 81.0
697 83.0
698 84.0
699 86.0
700 86.0
701 88.0
702 89.0
703 90.0
704 88.0
705 90.0
706 88.0
707 90.0
708 73.0
709 73.0
710 73.0
711 90.0
712 81.0
713 92.0
714 94.0
715 77.0
716 94.0
717 96.0
718 98.0
719 80.0
720 99.0
721 101.0
722 84.0
723 92.0
724 100.0
725 102.0
726 103.0
727 102.0
728 103.0
729 104.0
730 106.0
731 106.0
732 108.0
733 108.0
734 106.0
735 108.0
736 107.0
737 108.0
738 99.0
739 107.0
740 109.0
741 107.0
742 109.0
743 111.0
744 113.0
745 112.0
746 94.0
747 103.0
748 113.0
749 115.0
750 114.0
751 116.0
752 99.0
753 118.0
754 116.0
755 118.0
756 117.0
757 118.0
758 120.0
759 122.0
760 124.0
761 122.0
762 124.0
763 126.0
764 127.0
765 128.0
766 128.0
767 127.0
768 128.0
769 129.0
770 130.0
771 130.0
772 132.0
773 115.0
774 115.0
775 133.0
776 135.0
777 118.0
778 118.0
779 137.0
780 139.0
781 141.0
782 124.0
783 139.0
784 122.0
785 141.0
786 142.0
787 143.0
788 145.0
789 144.0
790 145.0
791 147.0
792 147.0
793 145.0
794 146.0
795 147.0
796 147.0
797 149.0
798 151.0
799 153.0
800 155.0
801 157.0
802 155.0
803 156.0
804 139.0
805 158.0
806 141.0
807 141.0
808 160.0
809 143.0
810 143.0
811 143.0
812 162.0
813 160.0
814 162.0
815 164.0
816 163.0
817 164.0
818 162.0
819 163.0
820 165.0
821 166.0
822 167.0
823 168.0
824 169.0
825 171.0
826 173.0
827 174.0
828 176.0
829 178.0
830 180.0
831 182.0
832 164.0
833 180.0
834 182.0
835 165.0
836 165.0
837 184.0
838 186.0
839 186.0
840 186.0
841 186.0
842 186.0
843 186.0
844 188.0
845 189.0
846 172.0
847 127.0
848 127.0
849 127.0
850 127.0
851 126.0
852 127.0
853 127.0
854 127.0
855 127.0
856 127.0
857 127.0
858 127.0
859 127.0
860 127.0
861 127.0
862 112.0
863 127.0
864 127.0
865 112.0
866 112.0
867 112.0
868 112.0
869 112.0
870 112.0
871 112.0
872 112.0
873 128.0
874 112.0
875 112.0
876 128.0
877 128.0
878 127.0
879 128.0
880 128.0
881 127.0
882 127.0
883 127.0
884 127.0
885 127.0
886 127.0
887 127.0
888 118.0
889 127.0
890 127.0
891 119.0
892 127.0
893 127.0
894 128.0
895 112.0
896 112.0
897 112.0
898 128.0
899 128.0
900 128.0
901 126.0
902 128.0
903 113.0
904 128.0
905 128.0
906 129.0
907 128.0
908 128.0
909 128.0
910 128.0
911 127.0
912 127.0
913 127.0
914 127.0
915 128.0
916 128.0
917 128.0
918 128.0
919 128.0
920 129.0
921 129.0
922 129.0
923 129.0
924 129.0
925 129.0
926 127.0
927 129.0
928 129.0
929 129.0
930 129.0
931 129.0
932 129.0
933 114.0
934 114.0
935 130.0
936 130.0
937 130.0
938 129.0
939 121.0
940 129.0
941 114.0
942 129.0
943 129.0
944 129.0
945 130.0
946 129.0
947 130.0
948 130.0
949 131.0
950 131.0
951 132.0
952 132.0
953 132.0
954 132.0
955 132.0
956 132.0
957 132.0
958 132.0
959 133.0
960 133.0
961 133.0
962 117.0
963 133.0
964 133.0
965 133.0
966 133.0
967 133.0
968 133.0
969 133.0
970 133.0
971 133.0
972 133.0
973 133.0
974 134.0
975 134.0
976 135.0
977 135.0
978 135.0
979 135.0
980 135.0
981 135.0
982 135.0
983 135.0
984 135.0
985 135.0
986 135.0
987 135.0
988 136.0
989 136.0
990 136.0
991 136.0
992 136.0
993 136.0
994 136.0
995 137.0
996 137.0
997 137.0
998 136.0
999 136.0
1000 136.0
1001 136.0
1002 136.0
1003 136.0
1004 136.0
1005 136.0
1006 136.0
1007 137.0
1008 136.0
1009 137.0
1010 137.0
1011 138.0
1012 138.0
1013 139.0
1014 139.0
1015 139.0
1016 140.0
1017 125.0
1018 140.0
1019 140.0
1020 140.0
1021 140.0
1022 140.0
1023 141.0
1024 125.0
1025 141.0
1026 125.0
1027 141.0
1028 141.0
1029 142.0
1030 142.0
1031 142.0
1032 142.0
1033 142.0
1034 142.0
1035 142.0
1036 142.0
1037 142.0
1038 142.0
1039 142.0
1040 142.0
1041 142.0
1042 143.0
1043 143.0
1044 143.0
1045 143.0
1046 143.0
1047 142.0
1048 143.0
1049 144.0
1050 144.0
1051 144.0
1052 145.0
1053 145.0
1054 146.0
1055 146.0
1056 147.0
1057 147.0
1058 131.0
1059 131.0
1060 147.0
1061 147.0
1062 132.0
1063 147.0
1064 147.0
1065 146.0
1066 147.0
1067 147.0
1068 148.0
1069 148.0
1070 149.0
1071 149.0
1072 149.0
1073 149.0
1074 150.0
1075 150.0
1076 150.0
1077 150.0
1078 150.0
1079 151.0
1080 142.0
1081 152.0
1082 152.0
1083 153.0
1084 152.0
1085 153.0
1086 153.0
1087 153.0
1088 153.0
1089 153.0
1090 154.0
1091 154.0
1092 155.0
1093 155.0
1094 156.0
1095 156.0
1096 156.0
1097 156.0
1098 156.0
1099 157.0
1100 157.0
1101 158.0
1102 158.0
1103 158.0
1104 158.0
1105 158.0
1106 158.0
1107 159.0
1108 143.0
1109 159.0
1110 159.0
1111 160.0
1112 160.0
1113 160.0
1114 160.0
1115 144.0
1116 160.0
1117 160.0
1118 161.0
1119 161.0
1120 145.0
1121 161.0
1122 161.0
1123 161.0
1124 161.0
1125 161.0
1126 161.0
1127 146.0
1128 161.0
1129 162.0
1130 162.0
1131 163.0
1132 163.0
1133 163.0
1134 163.0
1135 164.0
1136 164.0
1137 164.0
1138 165.0
1139 165.0
1140 165.0
1141 166.0
1142 165.0
1143 165.0
1144 166.0
1145 157.0
1146 166.0
1147 167.0
1148 167.0
1149 168.0
1150 168.0
1151 169.0
1152 169.0
1153 169.0
1154 170.0
1155 170.0
1156 170.0
1157 170.0
1158 170.0
1159 171.0
1160 171.0
1161 170.0
1162 171.0
1163 171.0
1164 172.0
1165 172.0
1166 173.0
1167 173.0
1168 174.0
1169 174.0
1170 174.0
1171 165.0
1172 166.0
1173 175.0
1174 175.0
1175 176.0
1176 176.0
1177 176.0
1178 177.0
1179 177.0
1180 178.0
1181 178.0
1182 179.0
1183 179.0
1184 180.0
1185 180.0
1186 165.0
1187 181.0
1188 181.0
1189 181.0
1190 182.0
1191 182.0
1192 183.0
1193 183.0
1194 184.0
1195 184.0
1196 184.0
1197 184.0
1198 185.0
1199 185.0
1200 186.0
1201 186.0
1202 186.0
1203 187.0
1204 187.0
1205 188.0
1206 188.0
1207 189.0
1208 189.0
1209 190.0
1210 190.0
1211 191.0
1212 191.0
1213 192.0
1214 192.0
1215 192.0
1216 193.0
1217 193.0
1218 193.0
1219 194.0
1220 194.0
1221 195.0
1222 195.0
1223 196.0
1224 196.0
1225 197.0
1226 197.0
1227 198.0
1228 198.0
1229 199.0
1230 199.0
1231 199.0
1232 200.0
1233 200.0
1234 201.0
1235 201.0
1236 202.0
1237 202.0
1238 203.0
1239 203.0
1240 203.0
1241 203.0
1242 204.0
1243 204.0
1244 205.0
1245 205.0
1246 205.0
1247 206.0
1248 206.0
1249 191.0
1250 206.0
1251 206.0
1252 206.0
1253 206.0
1254 207.0
1255 207.0
1256 208.0
1257 208.0
1258 208.0
1259 209.0
1260 208.0
1261 208.0
1262 209.0
1263 209.0
1264 209.0
1265 209.0
1266 209.0
1267 210.0
1268 -185.0
1269 -182.0
1270 -179.0
1271 -177.0
1272 -174.0
1273 -171.0
1274 -169.0
1275 -166.0
1276 -164.0
1277 -161.0
1278 -158.0
1279 298.0
1280 -158.0
1281 -155.0
1282 -153.0
1283 -150.0
1284 -147.0
1285 -145.0
1286 -142.0
1287 -139.0
1288 -137.0
1289 -134.0
1290 -131.0
1291 -141.0
1292 -128.0
1293 -126.0
1294 -123.0
1295 -120.0
1296 -118.0
1297 -115.0
1298 342.0
1299 -115.0
1300 343.0
1301 -112.0
1302 -109.0
1303 -107.0
1304 350.0
1305 -107.0
1306 -104.0
1307 -121.0
1308 -101.0
1309 -99.0
1310 -108.0
1311 -96.0
1312 -93.0
1313 -91.0
1314 -88.0
1315 -85.0
1316 -83.0
1317 -80.0
1318 -77.0
1319 -75.0
1320 -72.0
1321 -69.0
1322 -67.0
1323 -64.0
1324 -61.0
1325 -59.0
1326 -68.0
1327 -56.0
1328 -53.0
1329 -55.0
1330 -52.0
1331 -50.0
1332 -47.0
1333 -44.0
1334 -41.0
1335 -38.0
1336 -50.0
1337 -50.0
1338 -35.0
1339 -32.0
1340 -38.0
1341 -30.0
1342 -27.0
1343 -24.0
1344 -21.0
1345 -18.0
1346 -15.0
1347 -12.0
1348 -10.0
1349 -7.0
1350 -4.0
1351 -1.0
1352 1.0
1353 4.0
1354 7.0
1355 1.0
1356 9.0
1357 12.0
1358 10.0
1359 470.0
1360 472.0
1361 473.0
1362 16.0
1363 477.0
1364 20.0
1365 23.0
1366 484.0
1367 485.0
1368 28.0
1369 31.0
1370 492.0
1371 35.0
1372 33.0
1373 492.0
1374 492.0
1375 35.0
1376 496.0
1377 497.0
1378 498.0
1379 500.0
1380 498.0
1381 36.0
1382 497.0
1383 496.0
1384 39.0
1385 500.0
1386 43.0
1387 504.0
1388 47.0
1389 506.0
1390 507.0
1391 508.0
1392 509.0
1393 511.0
1394 54.0
1395 57.0
1396 60.0
1397 520.0
1398 64.0
1399 525.0
1400 526.0
1401 69.0
1402 63.0
1403 72.0
1404 75.0
1405 536.0
1406 537.0
1407 538.0
1408 539.0
1409 83.0
1410 543.0
1411 87.0
1412 90.0
1413 550.0
1414 94.0
1415 554.0
1416 98.0
1417 101.0
1418 103.0
1419 564.0
1420 637.0
1421 637.0
1422 638.0
1423 637.0
1424 637.0
1425 637.0
1426 637.0
1427 637.0
1428 636.0
1429 636.0
1430 635.0
1431 635.0
1432 636.0
1433 635.0
1434 635.0
1435 635.0
1436 635.0
1437 634.0
1438 634.0
1439 -625.0
1440 635.0
1441 635.0
1442 635.0
1443 634.0
1444 550.0
1445 635.0
1446 635.0
1447 634.0
1448 634.0
1449 634.0
1450 634.0
1451 633.0
1452 633.0
1453 634.0
1454 634.0
1455 634.0
1456 563.0
1457 633.0
1458 633.0
1459 173.0
1460 633.0
1461 633.0
1462 618.0
1463 632.0
1464 633.0
1465 633.0
1466 633.0
1467 632.0
1468 632.0
1469 633.0
1470 632.0
1471 633.0
1472 632.0
1473 632.0
1474 631.0
1475 631.0
1476 546.0
1477 632.0
1478 -627.0
1479 631.0
1480 631.0
1481 282.0
1482 279.0
1483 277.0
1484 280.0
1485 277.0
1486 280.0
1487 282.0
1488 285.0
1489 288.0
1490 285.0
1491 617.0
1492 283.0
1493 280.0
1494 278.0
1495 280.0
1496 278.0
1497 281.0
1498 283.0
1499 286.0
1500 283.0
1501 281.0
1502 278.0
1503 276.0
1504 273.0
1505 276.0
1506 273.0
1507 276.0
1508 679.0
1509 208.0
1510 280.0
1511 683.0
1512 281.0
1513 -638.0
1514 278.0
1515 610.0
1516 610.0
1517 610.0
1518 281.0
1519 279.0
1520 276.0
1521 279.0
1522 540.0
1523 281.0
1524 284.0
1525 287.0
1526 290.0
1527 292.0
1528 295.0
1529 292.0
1530 695.0
1531 693.0
1532 695.0
1533 693.0
1534 555.0
1535 696.0
1536 698.0
1537 701.0
1538 299.0
1539 301.0
1540 503.0
1541 704.0
1542 581.0
1543 575.0
1544 575.0
1545 575.0
1546 564.0
1547 580.0
1548 578.0
1549 577.0
1550 560.0
1551 575.0
1552 574.0
1553 576.0
1554 99.0
1555 574.0
1556 576.0
1557 118.0
1558 576.0
1559 578.0
1560 117.0
1561 560.0
1562 575.0
1563 113.0
1564 556.0
1565 556.0
1566 556.0
1567 575.0
1568 577.0
1569 116.0
1570 114.0
1571 116.0
1572 574.0
1573 573.0
1574 556.0
1575 556.0
1576 575.0
1577 573.0
1578 575.0
1579 569.0
1580 105.0
1581 569.0
1582 569.0
1583 573.0
1584 570.0
1585 106.0
1586 558.0
1587 558.0
1588 558.0
1589 577.0
1590 100.0
1591 560.0
1592 560.0
1593 579.0
1594 581.0
1595 583.0
1596 122.0
1597 583.0
1598 122.0
1599 120.0
1600 118.0
1601 117.0
1602 575.0
1603 569.0
1604 558.0
1605 574.0
1606 557.0
1607 557.0
1608 575.0
1609 574.0
1610 576.0
1611 570.0
1612 570.0
1613 574.0
1614 570.0
1615 559.0
1616 559.0
1617 578.0
1618 561.0
1619 561.0
1620 580.0
1621 582.0
1622 584.0
1623 586.0
1624 124.0
1625 107.0
1626 123.0
1627 121.0
1628 104.0
1629 119.0
1630 102.0
1631 117.0
1632 579.0
1633 562.0
1634 581.0
1635 123.0
1636 585.0
1637 583.0
1638 583.0
1639 583.0
1640 580.0
1641 583.0
1642 587.0
1643 571.0
1644 129.0
1645 573.0
1646 591.0
1647 574.0
1648 574.0
1649 574.0
1650 574.0
1651 114.0
1652 593.0
1653 591.0
1654 593.0
1655 116.0
1656 595.0
1657 134.0
1658 117.0
1659 117.0
1660 117.0
1661 577.0
1662 596.0
1663 579.0
1664 598.0
1665 600.0
1666 582.0
1667 601.0
1668 603.0
1669 602.0
1670 602.0
1671 602.0
1672 598.0
1673 602.0
1674 587.0
1675 587.0
1676 605.0
1677 588.0
1678 588.0
1679 588.0
1680 604.0
1681 606.0
1682 608.0
1683 591.0
1684 591.0
1685 591.0
1686 591.0
1687 591.0
1688 591.0
1689 591.0
1690 591.0
1691 591.0
1692 610.0
1693 612.0
1694 154.0
1695 615.0
1696 598.0
1697 598.0
1698 598.0
1699 138.0
1700 617.0
1701 159.0
1702 621.0
1703 163.0
1704 625.0
1705 627.0
1706 625.0
1707 627.0
1708 629.0
1709 631.0
1710 629.0
1711 629.0
1712 629.0
1713 626.0
1714 615.0
1715 614.0
1716 614.0
1717 614.0
1718 614.0
1719 614.0
1720 614.0
1721 614.0
1722 633.0
1723 616.0
1724 635.0
1725 637.0
1726 635.0
1727 620.0
1728 639.0
1729 641.0
1730 624.0
1731 624.0
1732 643.0
1733 645.0
1734 643.0
1735 645.0
1736 647.0
1737 649.0
1738 647.0
1739 647.0
1740 644.0
1741 633.0
1742 632.0
1743 632.0
1744 632.0
1745 632.0
1746 632.0
1747 632.0
1748 632.0
1749 632.0
1750 632.0
1751 632.0
1752 651.0
1753 653.0
1754 655.0
1755 657.0
1756 659.0
1757 642.0
1758 656.0
1759 642.0
1760 642.0
1761 661.0
1762 663.0
1763 665.0
1764 666.0
1765 208.0
1766 670.0
1767 672.0
1768 674.0
1769 216.0
1770 675.0
1771 673.0
1772 205.0
1773 205.0
1774 672.0
1775 669.0
1776 658.0
1777 658.0
1778 658.0
1779 658.0
1780 658.0
1781 658.0
1782 677.0
1783 659.0
1784 679.0
1785 681.0
1786 679.0
1787 663.0
1788 682.0
1789 684.0
1790 686.0
1791 688.0
1792 686.0
1793 671.0
1794 671.0
1795 690.0
1796 692.0
1797 694.0
1798 696.0
1799 698.0
1800 696.0
1801 694.0
1802 691.0
1803 679.0
1804 679.0
1805 679.0
1806 679.0
1807 679.0
1808 679.0
1809 679.0
1810 679.0
1811 679.0
1812 698.0
1813 700.0
1814 702.0
1815 700.0
1816 702.0
1817 700.0
1818 704.0
1819 706.0
1820 708.0
1821 709.0
1822 711.0
1823 713.0
1824 711.0
1825 711.0
1826 711.0
1827 696.0
1828 696.0
1829 696.0
1830 715.0
1831 717.0
1832 719.0
1833 702.0
1834 702.0
1835 702.0
1836 242.0
1837 702.0
1838 702.0
1839 702.0
1840 702.0
1841 702.0
1842 721.0
1843 719.0
1844 723.0
1845 724.0
1846 722.0
1847 707.0
1848 727.0
1849 709.0
1850 728.0
1851 730.0
1852 730.0
1853 728.0
1854 732.0
1855 734.0
1856 736.0
1857 738.0
1858 735.0
1859 736.0
1860 721.0
1861 721.0
1862 740.0
1863 741.0
1864 724.0
1865 724.0
1866 724.0
1867 724.0
1868 724.0
1869 724.0
1870 724.0
1871 724.0
1872 724.0
1873 343.0
1874 -116.0
1875 800.0
1876 343.0
1877 343.0
1878 343.0
1879 343.0
1880 343.0
1881 -116.0
1882 341.0
1883 341.0
1884 341.0
1885 324.0
1886 324.0
1887 324.0
1888 343.0
1889 343.0
1890 343.0
1891 324.0
1892 324.0
1893 324.0
1894 343.0
1895 343.0
1896 -116.0
1897 340.0
1898 325.0
1899 340.0
1900 341.0
1901 341.0
1902 341.0
1903 801.0
1904 801.0
1905 344.0
1906 343.0
1907 343.0
1908 341.0
1909 341.0
1910 801.0
1911 325.0
1912 325.0
1913 325.0
1914 344.0
1915 344.0
1916 344.0
1917 344.0
1918 325.0
1919 325.0
1920 325.0
1921 344.0
1922 344.0
1923 341.0
1924 341.0
1925 342.0
1926 344.0
1927 344.0
1928 344.0
1929 344.0
1930 344.0
1931 344.0
1932 284.0
1933 344.0
1934 799.0
1935 799.0
1936 339.0
1937 339.0
1938 922.0
1939 326.0
1940 326.0
1941 326.0
1942 326.0
1943 326.0
1944 326.0
1945 326.0
1946 -447.0
1947 -447.0
1948 -447.0
1949 800.0
1950 800.0
1951 800.0
1952 -447.0
1953 -447.0
1954 -447.0
1955 802.0
1956 801.0
1957 469.0
1958 341.0
1959 869.0
1960 -447.0
1961 341.0
1962 801.0
1963 469.0
1964 924.0
1965 802.0
1966 802.0
1967 925.0
1968 329.0
1969 329.0
1970 329.0
1971 803.0
1972 803.0
1973 471.0
1974 790.0
1975 803.0
1976 803.0
1977 803.0
1978 803.0
1979 871.0
1980 471.0
1981 471.0
1982 804.0
1983 804.0
1984 804.0
1985 471.0
1986 804.0
1987 804.0
1988 804.0
1989 277.0
1990 804.0
1991 804.0
1992 804.0
1993 472.0
1994 472.0
1995 -56.0
1996 -56.0
1997 -56.0
1998 -56.0
1999 -53.0
2000 -53.0
2001 -113.0
2002 -53.0
2003 -53.0
2004 -53.0
2005 -53.0
2006 -53.0
2007 -53.0
2008 -53.0
2009 -53.0
2010 -53.0
2011 -53.0
2012 -53.0
2013 -53.0
2014 -53.0
2015 -52.0
2016 -52.0
2017 -52.0
2018 -52.0
2019 -52.0
2020 -52.0
2021 -52.0
2022 -52.0
2023 -52.0
2024 -52.0
2025 -52.0
2026 -52.0
2027 -52.0
2028 -52.0
2029 -52.0
2030 -52.0
2031 -52.0
2032 -52.0
2033 -52.0
2034 -52.0
2035 -52.0
2036 -52.0
2037 -52.0
2038 -52.0
2039 -52.0
2040 -52.0
2041 -52.0
2042 -52.0
2043 -51.0
2044 -51.0
2045 -51.0
2046 -51.0
2047 -51.0
2048 -51.0
2049 -51.0
2050 -51.0
2051 -51.0
2052 -51.0
2053 -114.0
2054 -54.0
2055 -54.0
2056 -54.0
2057 -54.0
2058 -54.0
2059 -54.0
2060 -54.0
2061 -54.0
2062 -54.0
2063 -54.0
2064 -54.0
2065 -54.0
2066 -54.0
2067 -54.0
2068 -54.0
2069 -54.0
2070 -54.0
2071 -54.0
2072 -54.0
2073 -54.0
2074 -53.0
2075 -53.0
2076 -53.0
2077 -53.0
2078 -53.0
2079 -53.0
2080 -53.0
2081 -53.0
2082 -53.0
2083 -116.0
2084 -113.0
2085 -116.0
2086 -119.0
2087 -122.0
2088 -125.0
2089 -122.0
2090 -122.0
2091 -119.0
2092 -122.0
2093 -119.0
2094 -122.0
2095 -122.0
2096 -125.0
2097 -122.0
2098 -122.0
2099 -125.0
2100 -122.0
2101 -125.0
2102 -122.0
2103 -119.0
2104 -122.0
2105 -125.0
2106 -128.0
2107 -131.0
2108 -131.0
2109 -128.0
2110 -125.0
2111 -122.0
2112 -118.0
2113 -115.0
2114 -115.0
2115 -118.0
2116 -121.0
2117 -118.0
2118 -118.0
2119 -121.0
2120 -124.0
2121 -125.0
2122 -121.0
2123 -118.0
2124 -118.0
2125 -121.0
2126 -118.0
2127 -121.0
2128 -118.0
2129 -121.0
2130 -124.0
2131 -127.0
2132 -130.0
2133 -130.0
2134 -127.0
2135 -124.0
2136 -121.0
2137 -121.0
2138 -121.0
2139 -121.0
2140 -121.0
2141 -121.0
2142 -121.0
2143 -121.0
2144 -120.0
2145 -124.0
2146 -127.0
2147 -130.0
2148 -133.0
2149 -145.0
2150 -136.0
2151 -133.0
2152 -130.0
2153 -133.0
2154 -136.0
2155 -139.0
2156 -136.0
2157 -133.0
2158 -133.0
2159 -136.0
2160 319.0
2161 -139.0
2162 -151.0
2163 -139.0
2164 -142.0
2165 -145.0
2166 -148.0
2167 -152.0
2168 -155.0
2169 -158.0
2170 -158.0
2171 -155.0
2172 -158.0
2173 -161.0
2174 -161.0
2175 -164.0
2176 -167.0
2177 -170.0
2178 -173.0
2179 -186.0
2180 -177.0
2181 -173.0
2182 -170.0
2183 -173.0
2184 -176.0
2185 -180.0
2186 -176.0
2187 -173.0
2188 -173.0
2189 -176.0
2190 -189.0
2191 -176.0
2192 -179.0
2193 -183.0
2194 -186.0
2195 -189.0
2196 -192.0
2197 -195.0
2198 -195.0
2199 -192.0
2200 -195.0
2201 -198.0
2202 -198.0
2203 708.0
2204 -201.0
2205 -205.0
2206 -208.0
2207 191.0
2208 -205.0
2209 -208.0
2210 652.0
2211 -204.0
2212 -204.0
2213 -207.0
2214 -210.0
2215 696.0
2216 -207.0
2217 699.0
2218 -210.0
2219 -223.0
2220 -214.0
2221 694.0
2222 -217.0
2223 690.0
2224 690.0
2225 -220.0
2226 687.0
2227 687.0
2228 -223.0
2229 683.0
2230 663.0
2231 -227.0
2232 -230.0
2233 -233.0
2234 -236.0
2235 670.0
2236 670.0
2237 -249.0
2238 670.0
2239 670.0
2240 -233.0
2241 166.0
2242 626.0
2243 627.0
2244 -229.0
2245 630.0
2246 630.0
2247 -232.0
2248 675.0
2249 675.0
2250 676.0
2251 -232.0
2252 675.0
2253 -232.0
2254 675.0
2255 675.0
2256 -235.0
2257 -238.0
2258 669.0
2259 -238.0
2260 669.0
2261 -238.0
2262 669.0
2263 -251.0
2264 668.0
2265 669.0
2266 668.0
2267 668.0
2268 -235.0
2269 671.0
2270 624.0
2271 -178.0
2272 621.0
2273 161.0
2274 681.0
2275 622.0
2276 670.0
2277 -237.0
2278 670.0
2279 670.0
2280 -238.0
2281 670.0
2282 670.0
2283 669.0
2284 -241.0
2285 667.0
2286 666.0
2287 -244.0
2288 -247.0
2289 660.0
2290 660.0
2291 -244.0
2292 663.0
2293 -241.0
2294 -238.0
2295 622.0
2296 670.0
2297 670.0
2298 670.0
2299 669.0
2300 669.0
2301 669.0
2302 622.0
2303 682.0
2304 622.0
2305 671.0
2306 671.0
2307 671.0
2308 670.0
2309 671.0
2310 670.0
2311 671.0
2312 670.0
2313 671.0
2314 -233.0
2315 674.0
2316 673.0
2317 -230.0
2318 -227.0
2319 679.0
2320 680.0
2321 -224.0
2322 -227.0
2323 -224.0
2324 -221.0
2325 698.0
2326 -224.0
2327 -221.0
2328 698.0
2329 -221.0
2330 -218.0
2331 689.0
2332 690.0
2333 -221.0
2334 686.0
2335 -224.0
2336 -221.0
2337 686.0
2338 686.0
2339 686.0
2340 686.0
2341 686.0
2342 686.0
2343 -224.0
2344 683.0
2345 -227.0
2346 679.0
2347 -230.0
2348 -234.0
2349 674.0
2350 674.0
2351 674.0
2352 674.0
2353 -234.0
2354 -230.0
2355 689.0
2356 689.0
2357 677.0
2358 -227.0
2359 680.0
2360 -224.0
2361 683.0
2362 -227.0
2363 692.0
2364 -224.0
2365 683.0
2366 683.0
2367 683.0
2368 683.0
2369 683.0
2370 683.0
2371 683.0
2372 -227.0
2373 680.0
2374 680.0
2375 680.0
2376 680.0
2377 680.0
2378 -224.0
2379 683.0
2380 -227.0
2381 679.0
2382 -227.0
2383 680.0
2384 -227.0
2385 692.0
2386 692.0
2387 -230.0
2388 689.0
2389 169.0
2390 -233.0
2391 -237.0
2392 -237.0
2393 671.0
2394 -237.0
2395 671.0
2396 622.0
2397 671.0
2398 671.0
2399 671.0
2400 -237.0
2401 671.0
2402 671.0
2403 -237.0
2404 670.0
2405 671.0
2406 670.0
2407 670.0
2408 -234.0
2409 -231.0
2410 -231.0
2411 -234.0
2412 -237.0
2413 670.0
2414 670.0
2415 670.0
2416 670.0
2417 670.0
2418 670.0
2419 682.0
2420 -240.0
2421 679.0
2422 -243.0
2423 676.0
2424 664.0
2425 664.0
2426 664.0
2427 664.0
2428 664.0
2429 616.0
2430 664.0
2431 664.0
2432 -240.0
2433 667.0
2434 -243.0
2435 664.0
2436 -243.0
2437 664.0
2438 664.0
2439 664.0
2440 664.0
2441 664.0
2442 664.0
2443 664.0
2444 664.0
2445 664.0
2446 -246.0
2447 661.0
2448 661.0
2449 -246.0
2450 661.0
2451 -243.0
2452 664.0
2453 -246.0
2454 -243.0
2455 -246.0
2456 -247.0
2457 660.0
2458 -250.0
2459 669.0
2460 -247.0
2461 -244.0
2462 -240.0
2463 667.0
2464 -237.0
2465 -240.0
2466 -244.0
2467 -244.0
2468 664.0
2469 664.0
2470 664.0
2471 664.0
2472 664.0
2473 -244.0
2474 -247.0
2475 661.0
2476 661.0
2477 660.0
2478 -247.0
2479 661.0
2480 -250.0
2481 -253.0
2482 654.0
2483 666.0
2484 -250.0
2485 669.0
2486 149.0
2487 657.0
2488 -247.0
2489 661.0
2490 661.0
2491 661.0
2492 660.0
2493 -259.0
2494 660.0
2495 661.0
2496 661.0
2497 -247.0
2498 -259.0
2499 661.0
2500 -247.0
2501 -244.0
2502 -244.0
2503 663.0
2504 663.0
2505 664.0
2506 663.0
2507 -244.0
2508 663.0
2509 675.0
2510 -244.0
2511 -255.0
2512 -247.0
2513 660.0
2514 640.0
2515 660.0
2516 -244.0
2517 663.0
2518 -247.0
2519 660.0
2520 -259.0
2521 -244.0
2522 675.0
2523 -241.0
2524 678.0
2525 667.0
2526 -244.0
2527 -241.0
2528 158.0
2529 158.0
2530 667.0
2531 667.0
2532 667.0
2533 667.0
2534 -244.0
2535 664.0
2536 664.0
2537 663.0
2538 663.0
2539 663.0
2540 -240.0
2541 678.0
2542 -241.0
2543 666.0
2544 -241.0
2545 646.0
2546 646.0
2547 666.0
2548 247.0
2549 666.0
2550 -253.0
2551 666.0
2552 667.0
2553 678.0
2554 158.0
2555 679.0
2556 679.0
2557 667.0
2558 -244.0
2559 664.0
2560 663.0
2561 664.0
2562 664.0
2563 664.0
2564 -244.0
2565 675.0
2566 219.0
2567 679.0
2568 -240.0
2569 155.0
2570 155.0
2571 156.0
2572 664.0
2573 -247.0
2574 -250.0
2575 657.0
2576 -253.0
2577 -256.0
2578 -257.0
2579 663.0
2580 651.0
2581 651.0
2582 643.0
2583 -253.0
2584 -250.0
2585 -253.0
2586 654.0
2587 654.0
2588 654.0
2589 146.0
2590 -253.0
2591 -253.0
2592 -256.0
2593 651.0
2594 -257.0
2595 651.0
2596 651.0
2597 -257.0
2598 663.0
2599 630.0
2600 603.0
2601 651.0
2602 651.0
2603 651.0
2604 663.0
2605 -259.0
2606 660.0
2607 203.0
2608 663.0
2609 140.0
2610 143.0
2611 651.0
2612 -268.0
2613 651.0
2614 651.0
2615 -253.0
2616 -256.0
2617 651.0
2618 -253.0
2619 634.0
2620 646.0
2621 654.0
2622 646.0
2623 655.0
2624 -253.0
2625 655.0
2626 654.0
2627 -253.0
2628 -265.0
2629 -256.0
2630 651.0
2631 663.0
2632 -253.0
2633 667.0
2634 654.0
2635 -249.0
2636 650.0
2637 -246.0
2638 661.0
2639 661.0
2640 -249.0
2641 658.0
2642 -262.0
2643 658.0
2644 657.0
2645 658.0
2646 670.0
2647 -249.0
2648 670.0
2649 -252.0
2650 -253.0
2651 150.0
2652 153.0
2653 156.0
2654 153.0
2655 661.0
2656 -249.0
2657 670.0
2658 238.0
2659 670.0
2660 153.0
2661 661.0
2662 -258.0
2663 661.0
2664 -249.0
2665 670.0
2666 150.0
2667 657.0
2668 657.0
2669 650.0
2670 650.0
2671 658.0
2672 658.0
2673 658.0
2674 658.0
2675 658.0
2676 -246.0
2677 662.0
2678 -249.0
2679 658.0
2680 658.0
2681 658.0
2682 658.0
2683 670.0
2684 670.0
2685 658.0
2686 658.0
2687 658.0
2688 -261.0
2689 670.0
2690 -249.0
2691 -252.0
2692 654.0
2693 -249.0
2694 658.0
2695 670.0
2696 670.0
2697 670.0
2698 153.0
2699 673.0
2700 -246.0
2701 150.0
2702 153.0
2703 661.0
2704 -249.0
2705 -246.0
2706 -258.0
2707 -246.0
2708 -251.0
2709 661.0
2710 661.0
2711 -246.0
2712 661.0
2713 661.0
2714 658.0
2715 662.0
2716 -258.0
2717 673.0
2718 673.0
2719 673.0
2720 150.0
2721 659.0
2722 -260.0
2723 659.0
2724 658.0
2725 658.0
2726 -261.0
2727 658.0
2728 658.0
2729 658.0
2730 658.0
2731 658.0
2732 658.0
2733 671.0
2734 -252.0
2735 667.0
2736 667.0
2737 667.0
2738 -252.0
2739 655.0
2740 -249.0
2741 659.0
2742 659.0
2743 659.0
2744 659.0
2745 659.0
2746 -252.0
2747 -248.0
2748 671.0
2749 151.0
2750 671.0
2751 -251.0
2752 -255.0
2753 605.0
2754 665.0
2755 148.0
2756 208.0
2757 -251.0
2758 656.0
2759 656.0
2760 656.0
2761 656.0
2762 656.0
2763 656.0
2764 -251.0
2765 656.0
2766 656.0
2767 657.0
2768 -251.0
2769 657.0
2770 656.0
2771 653.0
2772 656.0
2773 656.0
2774 657.0
2775 657.0
2776 668.0
2777 668.0
2778 657.0
2779 657.0
2780 657.0
2781 668.0
2782 609.0
2783 657.0
2784 657.0
2785 657.0
2786 657.0
2787 657.0
2788 658.0
2789 657.0
2790 657.0
2791 654.0
2792 657.0
2793 657.0
2794 657.0
2795 609.0
2796 658.0
2797 657.0
2798 609.0
2799 657.0
2800 657.0
2801 609.0
2802 654.0
2803 657.0
2804 657.0
2805 657.0
2806 657.0
2807 -253.0
2808 -256.0
2809 663.0
2810 650.0
2811 663.0
2812 -253.0
2813 666.0
2814 -253.0
2815 -253.0
2816 666.0
2817 655.0
2818 655.0
2819 -249.0
2820 -246.0
2821 661.0
2822 613.0
2823 660.0
2824 661.0
2825 661.0
2826 661.0
2827 660.0
2828 613.0
2829 661.0
2830 660.0
2831 -249.0
2832 610.0
2833 610.0
2834 657.0
2835 670.0
2836 658.0
2837 658.0
2838 658.0
2839 658.0
2840 657.0
2841 670.0
2842 670.0
2843 658.0
2844 610.0
2845 658.0
2846 658.0
2847 659.0
2848 659.0
2849 658.0
2850 610.0
2851 658.0
2852 610.0
2853 610.0
2854 658.0
2855 659.0
2856 658.0
2857 -252.0
2858 655.0
2859 655.0
2860 655.0
2861 655.0
2862 655.0
2863 607.0
2864 655.0
2865 667.0
2866 147.0
2867 207.0
2868 655.0
2869 652.0
2870 -249.0
2871 659.0
2872 -261.0
2873 638.0
2874 659.0
2875 -252.0
2876 655.0
2877 655.0
2878 -255.0
2879 -267.0
2880 664.0
2881 -252.0
2882 -252.0
2883 656.0
2884 656.0
2885 -264.0
2886 656.0
2887 656.0
2888 656.0
2889 655.0
2890 655.0
2891 -264.0
2892 655.0
2893 655.0
2894 655.0
2895 667.0
2896 656.0
2897 236.0
2898 656.0
2899 655.0
2900 656.0
2901 655.0
2902 -263.0
2903 -264.0
2904 656.0
2905 656.0
2906 -255.0
2907 -255.0
2908 653.0
2909 -255.0
2910 653.0
2911 604.0
2912 653.0
2913 653.0
2914 653.0
2915 652.0
2916 652.0
2917 652.0
2918 652.0
2919 652.0
2920 652.0
2921 653.0
2922 -252.0
2923 659.0
2924 659.0
2925 671.0
2926 660.0
2927 660.0
2928 660.0
2929 -251.0
2930 656.0
2931 657.0
2932 657.0
2933 656.0
2934 656.0
2935 656.0
2936 656.0
2937 656.0
2938 656.0
2939 656.0
2940 -263.0
2941 -251.0
2942 656.0
2943 657.0
2944 656.0
2945 -252.0
2946 657.0
2947 656.0
2948 656.0
2949 656.0
2950 656.0
2951 656.0
2952 657.0
2953 -263.0
2954 -248.0
2955 671.0
2956 660.0
2957 -251.0
2958 656.0
2959 -248.0
2960 660.0
2961 656.0
2962 656.0
2963 657.0
2964 659.0
2965 659.0
2966 -247.0
2967 -260.0
2968 659.0
2969 -260.0
2970 660.0
2971 660.0
2972 660.0
2973 660.0
2974 -251.0
2975 -263.0
2976 657.0
2977 -254.0
2978 654.0
2979 605.0
2980 655.0
2981 605.0
2982 -257.0
2983 651.0
2984 651.0
2985 662.0
2986 651.0
2987 651.0
2988 602.0
2989 603.0
2990 -256.0
2991 651.0
2992 650.0
2993 650.0
2994 650.0
2995 651.0
2996 651.0
2997 651.0
2998 603.0
2999 -253.0
3000 659.0
3001 659.0
3002 -252.0
3003 -255.0
3004 654.0
3005 664.0
3006 654.0
3007 654.0
3008 -258.0
3009 601.0
3010 646.0
3011 650.0
3012 646.0
3013 650.0
3014 649.0
3015 661.0
3016 649.0
3017 649.0
3018 649.0
3019 650.0
3020 650.0
3021 649.0
3022 649.0
3023 649.0
3024 649.0
3025 -269.0
3026 -270.0
3027 650.0
3028 650.0
3029 651.0
3030 646.0
3031 649.0
3032 661.0
3033 649.0
3034 649.0
3035 -258.0
3036 652.0
3037 650.0
3038 646.0
3039 -258.0
3040 650.0
3041 602.0
3042 652.0
3043 650.0
3044 -260.0
3045 659.0
3046 647.0
3047 -264.0
3048 643.0
3049 -276.0
3050 595.0
3051 644.0
3052 644.0
3053 643.0
3054 -264.0
3055 -264.0
3056 643.0
3057 643.0
3058 -276.0
3059 643.0
3060 643.0
3061 645.0
3062 646.0
3063 644.0
3064 596.0
3065 646.0
3066 656.0
3067 644.0
3068 -276.0
3069 646.0
3070 596.0
3071 644.0
3072 644.0
3073 645.0
3074 646.0
3075 656.0
3076 644.0
3077 645.0
3078 644.0
3079 644.0
3080 -275.0
3081 -275.0
3082 644.0
3083 646.0
3084 -263.0
3085 644.0
3086 641.0
3087 624.0
3088 644.0
3089 656.0
3090 656.0
3091 -263.0
3092 646.0
3093 -266.0
3094 643.0
3095 643.0
3096 638.0
3097 -269.0
3098 640.0
3099 590.0
3100 638.0
3101 590.0
3102 190.0
3103 638.0
3104 590.0
3105 650.0
3106 639.0
3107 639.0
3108 590.0
3109 639.0
3110 -272.0
3111 636.0
3112 636.0
3113 635.0
3114 637.0
3115 -272.0
3116 636.0
3117 588.0
3118 648.0
3119 635.0
3120 635.0
3121 638.0
3122 633.0
3123 -214.0
3124 635.0
3125 632.0
3126 -274.0
3127 585.0
3128 632.0
3129 185.0
3130 633.0
3131 185.0
3132 585.0
3133 620.0
3134 633.0
3135 645.0
3136 633.0
3137 634.0
3138 633.0
3139 633.0
3140 -286.0
3141 -286.0
3142 633.0
3143 635.0
3144 630.0
3145 -274.0
3146 645.0
3147 633.0
3148 633.0
3149 633.0
3150 633.0
3151 635.0
3152 635.0
3153 633.0
3154 635.0
3155 585.0
3156 635.0
3157 633.0
3158 633.0
3159 633.0
3160 633.0
3161 633.0
3162 633.0
3163 185.0
3164 -286.0
