1 -379.0
2 -379.0
3 -396.0
4 -396.0
5 63.0
6 -379.0
7 -388.0
8 -399.0
9 -379.0
10 -396.0
11 -396.0
12 -396.0
13 63.0
14 -396.0
15 -396.0
16 -396.0
17 -396.0
18 -396.0
19 -396.0
20 -396.0
21 -399.0
22 -396.0
23 -396.0
24 -396.0
25 -396.0
26 -396.0
27 -396.0
28 -396.0
29 -396.0
30 -396.0
31 63.0
32 -396.0
33 63.0
34 -396.0
35 63.0
36 -396.0
37 63.0
38 63.0
39 -379.0
40 -396.0
41 63.0
42 63.0
43 63.0
44 -396.0
45 63.0
46 63.0
47 -396.0
48 63.0
49 -396.0
50 63.0
51 -396.0
52 63.0
53 -379.0
54 -396.0
55 63.0
56 -379.0
57 63.0
58 63.0
59 63.0
60 63.0
61 63.0
62 63.0
63 63.0
64 63.0
65 63.0
66 -396.0
67 63.0
68 -396.0
69 -396.0
70 63.0
71 63.0
72 -396.0
73 63.0
74 -396.0
75 -396.0
76 -396.0
77 -396.0
78 -396.0
79 -396.0
80 -396.0
81 -396.0
82 -396.0
83 -396.0
84 -396.0
85 -396.0
86 -396.0
87 -396.0
88 -396.0
89 -396.0
90 -396.0
91 63.0
92 63.0
93 63.0
94 63.0
95 63.0
96 -396.0
97 63.0
98 63.0
99 63.0
100 63.0
101 -396.0
102 -396.0
103 -396.0
104 -396.0
105 63.0
106 -396.0
107 63.0
108 -396.0
109 -396.0
110 -396.0
111 -396.0
112 63.0
113 -396.0
114 -396.0
115 -396.0
116 -396.0
117 -396.0
118 63.0
119 -396.0
120 63.0
121 63.0
122 -396.0
123 -396.0
124 63.0
125 63.0
126 -396.0
127 63.0
128 63.0
129 63.0
130 63.0
131 63.0
132 -396.0
133 63.0
134 63.0
135 63.0
136 -396.0
137 -396.0
138 -396.0
139 -396.0
140 -396.0
141 -396.0
142 -396.0
143 -396.0
144 -396.0
145 63.0
146 63.0
147 -396.0
148 63.0
149 -396.0
150 -396.0
151 63.0
152 63.0
153 63.0
154 63.0
155 -396.0
156 63.0
157 63.0
158 63.0
159 63.0
160 63.0
161 63.0
162 -396.0
163 63.0
164 63.0
165 63.0
166 63.0
167 -396.0
168 63.0
169 63.0
170 63.0
171 63.0
172 63.0
173 -396.0
174 63.0
175 63.0
176 -396.0
177 -396.0
178 63.0
179 -396.0
180 -396.0
181 -396.0
182 -396.0
183 -396.0
184 -396.0
185 -396.0
186 -396.0
187 -396.0
188 -396.0
189 -396.0
190 -396.0
191 -396.0
192 -396.0
193 -396.0
194 -396.0
195 -396.0
196 -396.0
197 -396.0
198 -396.0
199 -396.0
200 -396.0
201 53.0
202 -396.0
203 53.0
204 53.0
205 -396.0
206 -396.0
207 -396.0
208 -396.0
209 -396.0
210 -396.0
211 -396.0
212 -396.0
213 -396.0
214 -396.0
215 -396.0
216 -396.0
217 -396.0
218 -396.0
219 -396.0
220 -396.0
221 -396.0
222 -396.0
223 -396.0
224 -396.0
225 -396.0
226 -396.0
227 -396.0
228 -396.0
229 -396.0
230 -396.0
231 -396.0
232 -396.0
233 -396.0
234 -396.0
235 -396.0
236 -396.0
237 -396.0
238 -396.0
239 -396.0
240 -396.0
241 -396.0
242 63.0
243 63.0
244 -396.0
245 -396.0
246 -396.0
247 -396.0
248 -396.0
249 -396.0
250 -396.0
251 -396.0
252 -396.0
253 -396.0
254 -396.0
255 63.0
256 -396.0
257 63.0
258 -396.0
259 -396.0
260 -396.0
261 -396.0
262 -396.0
263 -396.0
264 -396.0
265 -396.0
266 -396.0
267 -396.0
268 -396.0
269 -396.0
270 -396.0
271 -396.0
272 -396.0
273 -396.0
274 -396.0
275 -396.0
276 -396.0
277 -396.0
278 -396.0
279 -396.0
280 -396.0
281 -396.0
282 -396.0
283 -396.0
284 -396.0
285 -396.0
286 -396.0
287 -396.0
288 -396.0
289 -396.0
290 -396.0
291 -396.0
292 -396.0
293 -396.0
294 -396.0
295 -396.0
296 -396.0
297 -396.0
298 -396.0
299 -396.0
300 -396.0
301 -396.0
302 -396.0
303 63.0
304 -396.0
305 -396.0
306 -396.0
307 -396.0
308 -396.0
309 -396.0
310 63.0
311 -396.0
312 -396.0
313 -396.0
314 -396.0
315 -396.0
316 63.0
317 -396.0
318 -396.0
319 63.0
320 -396.0
321 -396.0
322 -396.0
323 -396.0
324 -396.0
325 -396.0
326 -396.0
327 -396.0
328 -396.0
329 -396.0
330 -396.0
