1 -396.0
2 -396.0
3 -396.0
4 -379.0
5 71.0
6 -396.0
7 -396.0
8 -396.0
9 -396.0
10 -396.0
11 -396.0
12 -396.0
13 -396.0
14 -396.0
15 -396.0
16 -379.0
17 -379.0
18 -396.0
19 -396.0
20 -396.0
21 -396.0
22 -388.0
23 -396.0
24 -396.0
25 -396.0
26 -396.0
27 63.0
28 -396.0
29 -379.0
30 -396.0
31 71.0
32 63.0
33 71.0
34 63.0
35 -396.0
36 -379.0
37 -379.0
38 -387.0
39 -378.0
40 82.0
41 65.0
42 65.0
43 -377.0
44 -394.0
45 -394.0
46 -386.0
47 -377.0
48 -394.0
49 74.0
50 65.0
51 -394.0
52 -376.0
53 -376.0
54 -393.0
55 -393.0
56 66.0
57 66.0
58 -393.0
59 -376.0
60 66.0
61 84.0
62 84.0
63 68.0
64 67.0
65 67.0
66 67.0
67 -384.0
68 -384.0
69 -384.0
70 -384.0
71 -383.0
72 -383.0
73 -383.0
74 -383.0
75 -383.0
76 -383.0
77 -383.0
78 -391.0
79 -374.0
80 -373.0
81 -373.0
82 -373.0
83 -373.0
84 -373.0
85 -373.0
86 -373.0
87 -373.0
88 -373.0
89 -373.0
90 -373.0
91 -383.0
92 -383.0
93 -382.0
94 -382.0
95 -390.0
96 -382.0
97 -382.0
98 -382.0
99 -373.0
100 -373.0
101 -373.0
