1 -396.0
2 -396.0
3 -396.0
4 63.0
5 63.0
6 -379.0
7 -396.0
8 -388.0
9 -396.0
10 -396.0
11 -399.0
12 -396.0
13 -396.0
14 -396.0
15 -396.0
16 -396.0
17 -396.0
18 63.0
19 -396.0
20 -396.0
21 -396.0
22 -396.0
23 -396.0
24 -379.0
25 -396.0
26 -396.0
27 -399.0
28 -396.0
29 -396.0
30 -396.0
31 63.0
32 53.0
33 -379.0
34 -396.0
35 -379.0
36 80.0
37 63.0
38 63.0
39 63.0
40 80.0
41 -396.0
42 -379.0
43 -378.0
44 -396.0
45 81.0
46 63.0
47 -396.0
48 63.0
49 63.0
50 -396.0
51 -378.0
52 -378.0
53 -378.0
54 64.0
55 -378.0
56 -395.0
57 -395.0
58 82.0
59 65.0
60 82.0
61 83.0
62 160.0
63 66.0
64 85.0
65 -374.0
66 -270.0
67 86.0
68 78.0
69 -390.0
70 -373.0
71 -373.0
72 -372.0
73 -390.0
74 -390.0
75 -372.0
76 -372.0
77 -389.0
78 -389.0
79 -372.0
80 -372.0
81 -372.0
82 -389.0
83 -372.0
84 -389.0
85 -372.0
86 -372.0
87 -372.0
88 -372.0
89 -389.0
90 -371.0
