1 -396.0
2 81.0
3 -395.0
4 -395.0
5 -395.0
6 -395.0
7 -395.0
8 -395.0
9 -395.0
10 -395.0
11 -395.0
12 -395.0
13 -395.0
14 -398.0
15 -378.0
16 -395.0
17 -395.0
18 -395.0
19 -378.0
20 -395.0
21 -398.0
22 -378.0
23 -395.0
24 -378.0
25 64.0
26 -378.0
27 -395.0
28 -395.0
29 -395.0
30 -395.0
31 82.0
32 -377.0
33 -377.0
34 84.0
35 66.0
36 -393.0
37 -375.0
38 85.0
39 85.0
40 -374.0
41 -382.0
42 -391.0
43 69.0
44 86.0
45 68.0
46 65.0
47 -390.0
48 -373.0
49 69.0
50 -390.0
51 -390.0
52 69.0
53 -373.0
54 69.0
55 -390.0
56 -373.0
57 87.0
58 -389.0
59 -268.0
60 71.0
61 89.0
62 85.0
63 91.0
64 92.0
65 -367.0
66 -367.0
67 -367.0
68 -367.0
69 -367.0
70 -367.0
71 -367.0
72 -367.0
73 -367.0
74 -367.0
75 -367.0
76 -367.0
77 -384.0
78 -384.0
79 -376.0
80 75.0
81 -384.0
82 -384.0
83 -384.0
84 -375.0
85 -384.0
86 -367.0
87 -384.0
88 -375.0
89 -384.0
90 -384.0
91 -367.0
92 -366.0
93 -366.0
94 -366.0
95 -366.0
96 -366.0
97 -366.0
98 -366.0
99 76.0
100 -383.0
101 94.0
102 -374.0
103 77.0
104 77.0
105 77.0
106 -365.0
107 -365.0
108 -365.0
109 -365.0
110 -365.0
111 -365.0
112 -365.0
113 -365.0
114 -374.0
115 -365.0
116 -382.0
117 -385.0
118 -382.0
119 -385.0
120 -365.0
121 -365.0
122 -365.0
123 -365.0
124 -365.0
125 -365.0
126 -365.0
127 -365.0
128 -365.0
129 -365.0
130 96.0
131 -363.0
132 -363.0
133 -363.0
134 -363.0
135 -363.0
136 -363.0
137 -363.0
138 -363.0
139 -363.0
140 -363.0
141 -363.0
142 -363.0
143 -372.0
144 -363.0
145 -363.0
146 -363.0
147 -363.0
148 -363.0
149 -363.0
150 -363.0
151 -363.0
152 -363.0
153 -363.0
154 -363.0
155 -363.0
156 -363.0
157 -363.0
158 -363.0
159 -363.0
160 -363.0
161 -363.0
162 -363.0
163 -363.0
164 -363.0
165 -363.0
166 -363.0
167 -363.0
168 -371.0
169 -371.0
170 -372.0
171 -362.0
172 -371.0
173 -362.0
174 -371.0
175 -362.0
176 -362.0
177 -362.0
178 -362.0
179 -362.0
180 -371.0
181 -362.0
182 -362.0
183 -362.0
184 -371.0
185 -362.0
186 -362.0
187 -362.0
188 -362.0
189 -362.0
190 -362.0
191 -362.0
192 -362.0
193 -362.0
194 -362.0
195 -362.0
196 -362.0
197 -361.0
198 -361.0
199 -361.0
200 -370.0
201 -371.0
202 -361.0
203 -370.0
204 -361.0
205 -370.0
206 -361.0
207 -361.0
208 -361.0
209 -361.0
210 -370.0
211 -361.0
212 -361.0
213 -361.0
214 -361.0
215 -361.0
216 -361.0
217 -361.0
218 -361.0
219 -361.0
220 -361.0
221 -361.0
222 -361.0
223 -361.0
224 -361.0
225 -361.0
226 -361.0
227 -361.0
228 -361.0
229 -361.0
230 -361.0
231 -361.0
232 -360.0
233 -360.0
234 -360.0
235 -360.0
236 -369.0
237 -360.0
238 -369.0
239 -369.0
240 -369.0
241 -360.0
242 -360.0
243 -360.0
244 -360.0
245 -360.0
246 -369.0
247 -360.0
248 -360.0
249 -360.0
250 -360.0
251 -360.0
252 -360.0
253 -360.0
254 -360.0
255 -360.0
256 -360.0
257 -360.0
258 -360.0
259 -359.0
260 -359.0
261 -359.0
262 -359.0
263 -359.0
264 -359.0
265 -359.0
266 -359.0
267 -359.0
268 -359.0
269 -359.0
270 -359.0
271 101.0
272 102.0
273 104.0
274 105.0
275 106.0
276 107.0
