1 82.0
2 32.0
3 32.0
4 32.0
5 0.0
6 32.0
7 32.0
8 32.0
9 32.0
10 32.0
11 32.0
12 32.0
13 187.0
14 32.0
15 32.0
16 30.0
17 32.0
18 32.0
19 38.0
20 18.0
21 32.0
22 32.0
23 32.0
24 32.0
25 32.0
26 30.0
27 32.0
28 100.0
29 82.0
30 0.0
31 32.0
32 32.0
33 32.0
34 188.0
35 187.0
36 32.0
37 32.0
38 32.0
39 32.0
40 32.0
41 188.0
42 187.0
43 32.0
44 132.0
45 32.0
46 188.0
47 32.0
48 32.0
49 32.0
50 32.0
51 188.0
52 188.0
53 187.0
54 188.0
55 32.0
56 109.0
57 188.0
58 188.0
59 32.0
60 237.0
61 32.0
62 188.0
63 45.0
64 32.0
65 188.0
66 32.0
67 188.0
68 188.0
69 188.0
70 187.0
71 32.0
72 188.0
73 32.0
74 187.0
75 32.0
76 32.0
77 188.0
78 32.0
79 32.0
80 32.0
81 187.0
82 32.0
83 32.0
84 32.0
85 187.0
86 32.0
87 187.0
88 32.0
89 32.0
90 188.0
91 32.0
92 188.0
93 32.0
94 132.0
95 32.0
96 82.0
97 187.0
98 187.0
99 188.0
100 32.0
101 237.0
102 188.0
103 187.0
104 115.0
105 187.0
106 188.0
107 187.0
108 32.0
109 187.0
110 32.0
111 188.0
112 188.0
113 188.0
114 188.0
115 188.0
116 188.0
117 188.0
118 188.0
119 188.0
120 188.0
121 188.0
122 188.0
123 188.0
124 188.0
125 188.0
126 188.0
127 188.0
128 188.0
129 32.0
130 32.0
131 32.0
132 187.0
133 187.0
134 188.0
135 188.0
136 187.0
137 187.0
138 187.0
139 188.0
140 188.0
141 187.0
142 188.0
143 187.0
144 187.0
145 187.0
146 187.0
147 188.0
148 32.0
149 187.0
150 188.0
151 237.0
152 188.0
153 4596.0
154 115.0
155 188.0
156 4496.0
157 188.0
158 188.0
159 188.0
160 188.0
161 188.0
162 188.0
163 188.0
164 188.0
165 32.0
166 188.0
167 187.0
168 188.0
169 187.0
170 188.0
171 188.0
172 188.0
173 187.0
174 188.0
175 187.0
176 188.0
177 188.0
178 188.0
179 188.0
180 188.0
181 187.0
182 187.0
183 187.0
184 32.0
185 38.0
186 187.0
187 187.0
188 187.0
189 187.0
190 188.0
191 32.0
192 32.0
193 188.0
194 188.0
195 187.0
196 188.0
197 188.0
198 32.0
199 188.0
200 187.0
201 305.0
202 305.0
203 305.0
204 332.0
205 305.0
206 305.0
207 98.0
208 305.0
209 465.0
210 305.0
211 82.0
212 305.0
213 465.0
214 305.0
215 305.0
216 305.0
217 98.0
218 305.0
219 496.0
220 305.0
221 310.0
222 305.0
223 82.0
224 305.0
225 496.0
226 496.0
227 397.0
228 305.0
229 305.0
230 98.0
231 332.0
232 332.0
233 397.0
234 321.0
235 321.0
236 321.0
237 321.0
238 333.0
239 307.0
240 307.0
241 104.0
242 332.0
243 332.0
244 397.0
245 333.0
246 32.0
247 32.0
248 32.0
249 32.0
250 32.0
251 496.0
252 332.0
253 305.0
254 98.0
255 332.0
256 332.0
257 332.0
258 332.0
259 397.0
260 310.0
261 465.0
262 310.0
263 310.0
264 321.0
265 321.0
266 307.0
267 310.0
268 321.0
269 321.0
270 321.0
271 321.0
272 465.0
273 305.0
274 310.0
275 310.0
276 310.0
277 307.0
278 307.0
279 307.0
280 32.0
281 104.0
282 332.0
283 332.0
284 332.0
285 332.0
286 397.0
287 397.0
288 306.0
289 397.0
290 397.0
291 332.0
292 332.0
293 332.0
294 332.0
295 332.0
296 332.0
297 333.0
298 333.0
299 332.0
300 332.0
301 496.0
302 305.0
303 496.0
304 332.0
305 332.0
306 332.0
307 332.0
308 465.0
309 465.0
310 465.0
311 310.0
312 321.0
313 321.0
314 321.0
315 321.0
316 310.0
317 321.0
318 465.0
319 332.0
320 310.0
321 310.0
322 307.0
323 307.0
324 32.0
325 104.0
326 332.0
327 332.0
328 332.0
329 332.0
330 397.0
331 333.0
332 333.0
333 397.0
334 333.0
335 333.0
336 332.0
337 332.0
338 305.0
339 305.0
340 305.0
341 310.0
342 255.0
343 310.0
344 32.0
345 307.0
346 307.0
347 32.0
348 32.0
349 32.0
350 32.0
351 496.0
352 496.0
353 98.0
354 305.0
355 465.0
356 98.0
357 0.0
358 465.0
359 465.0
360 310.0
361 501.0
362 321.0
363 321.0
364 310.0
365 307.0
366 104.0
367 332.0
368 332.0
369 332.0
370 397.0
371 397.0
372 315.0
373 333.0
374 333.0
375 333.0
376 310.0
377 310.0
378 397.0
379 332.0
380 332.0
381 332.0
382 332.0
383 397.0
384 332.0
385 307.0
386 307.0
387 307.0
388 332.0
389 332.0
390 332.0
391 307.0
392 32.0
393 307.0
394 32.0
395 307.0
396 307.0
397 32.0
398 32.0
399 32.0
400 32.0
401 496.0
402 397.0
403 332.0
404 465.0
405 501.0
406 310.0
407 465.0
408 429.0
409 333.0
410 321.0
411 321.0
412 321.0
413 307.0
414 32.0
415 307.0
416 104.0
417 332.0
418 332.0
419 332.0
420 332.0
421 397.0
422 301.0
423 32.0
424 397.0
425 333.0
426 332.0
427 32.0
428 332.0
429 397.0
430 397.0
431 310.0
432 397.0
433 332.0
434 332.0
435 332.0
436 332.0
437 307.0
438 307.0
439 307.0
440 332.0
441 332.0
442 332.0
443 332.0
444 307.0
445 32.0
446 32.0
447 32.0
448 32.0
449 32.0
450 32.0
451 496.0
452 305.0
453 496.0
454 332.0
455 305.0
456 501.0
457 501.0
458 333.0
459 332.0
460 321.0
461 321.0
462 321.0
463 307.0
464 32.0
465 104.0
466 332.0
467 332.0
468 332.0
469 397.0
470 397.0
471 397.0
472 397.0
473 333.0
474 32.0
475 332.0
476 397.0
477 310.0
478 332.0
479 397.0
480 307.0
481 307.0
482 307.0
483 332.0
484 332.0
485 332.0
486 307.0
487 32.0
488 307.0
489 310.0
490 310.0
491 310.0
492 32.0
493 32.0
494 32.0
495 32.0
496 32.0
497 32.0
498 32.0
499 32.0
500 32.0
501 496.0
502 98.0
503 98.0
504 98.0
505 310.0
506 332.0
507 98.0
508 501.0
509 501.0
510 310.0
511 322.0
512 501.0
513 333.0
514 307.0
515 307.0
516 307.0
517 307.0
518 397.0
519 310.0
520 332.0
521 397.0
522 310.0
523 397.0
524 310.0
525 397.0
526 397.0
527 327.0
528 32.0
529 397.0
530 397.0
531 397.0
532 333.0
533 104.0
534 333.0
535 333.0
536 332.0
537 307.0
538 307.0
539 32.0
540 32.0
541 310.0
542 310.0
543 310.0
544 310.0
545 310.0
546 310.0
547 32.0
548 32.0
549 32.0
550 32.0
551 496.0
552 332.0
553 98.0
554 332.0
555 501.0
556 310.0
557 33.0
558 104.0
559 310.0
560 501.0
561 279.0
562 333.0
563 307.0
564 32.0
565 32.0
566 32.0
567 32.0
568 307.0
569 397.0
570 332.0
571 321.0
572 310.0
573 310.0
574 465.0
575 310.0
576 397.0
577 462.0
578 315.0
579 333.0
580 446.0
581 306.0
582 333.0
583 307.0
584 32.0
585 33.0
586 33.0
587 307.0
588 307.0
589 307.0
590 310.0
591 321.0
592 310.0
593 332.0
594 321.0
595 310.0
596 32.0
597 32.0
598 32.0
599 32.0
600 32.0
601 496.0
602 305.0
603 305.0
604 98.0
605 332.0
606 98.0
607 501.0
608 501.0
609 310.0
610 310.0
611 332.0
612 333.0
613 307.0
614 307.0
615 465.0
616 332.0
617 310.0
618 332.0
619 465.0
620 397.0
621 310.0
622 462.0
623 397.0
624 462.0
625 397.0
626 479.0
627 455.0
628 462.0
629 463.0
630 333.0
631 333.0
632 332.0
633 307.0
634 307.0
635 307.0
636 307.0
637 32.0
638 32.0
639 332.0
640 332.0
641 332.0
642 332.0
643 310.0
644 321.0
645 32.0
646 32.0
647 32.0
648 32.0
649 32.0
650 32.0
651 496.0
652 98.0
653 305.0
654 305.0
655 496.0
656 501.0
657 333.0
658 333.0
659 310.0
660 461.0
661 33.0
662 501.0
663 307.0
664 307.0
665 307.0
666 307.0
667 32.0
668 465.0
669 310.0
670 332.0
671 310.0
672 310.0
673 310.0
674 479.0
675 479.0
676 250.0
677 260.0
678 397.0
679 480.0
680 479.0
681 480.0
682 333.0
683 333.0
684 333.0
685 333.0
686 333.0
687 332.0
688 307.0
689 307.0
690 310.0
691 32.0
692 332.0
693 332.0
694 332.0
695 332.0
696 332.0
697 332.0
698 32.0
699 32.0
700 32.0
701 496.0
702 98.0
703 465.0
704 397.0
705 496.0
706 501.0
707 310.0
708 310.0
709 429.0
710 310.0
711 307.0
712 307.0
713 307.0
714 307.0
715 465.0
716 310.0
717 310.0
718 397.0
719 332.0
720 480.0
721 333.0
722 480.0
723 479.0
724 480.0
725 283.0
726 333.0
727 32.0
728 333.0
729 32.0
730 333.0
731 307.0
732 32.0
733 307.0
734 332.0
735 332.0
736 332.0
737 332.0
738 332.0
739 307.0
740 310.0
741 310.0
742 310.0
743 310.0
744 310.0
745 310.0
746 307.0
747 310.0
748 310.0
749 310.0
750 310.0
751 496.0
752 305.0
753 496.0
754 332.0
755 501.0
756 33.0
757 332.0
758 429.0
759 465.0
760 307.0
761 307.0
762 306.0
763 32.0
764 465.0
765 397.0
766 310.0
767 332.0
768 332.0
769 480.0
770 38.0
771 479.0
772 397.0
773 397.0
774 333.0
775 333.0
776 333.0
777 307.0
778 32.0
779 32.0
780 332.0
781 332.0
782 333.0
783 333.0
784 307.0
785 307.0
786 307.0
787 307.0
788 310.0
789 310.0
790 32.0
791 310.0
792 310.0
793 307.0
794 310.0
795 310.0
796 307.0
797 310.0
798 310.0
799 310.0
800 307.0
801 496.0
802 305.0
803 465.0
804 305.0
805 496.0
806 305.0
807 332.0
808 501.0
809 429.0
810 333.0
811 310.0
812 322.0
813 307.0
814 307.0
815 307.0
816 307.0
817 465.0
818 397.0
819 310.0
820 310.0
821 310.0
822 465.0
823 333.0
824 254.0
825 254.0
826 333.0
827 332.0
828 310.0
829 332.0
830 307.0
831 333.0
832 333.0
833 333.0
834 333.0
835 333.0
836 307.0
837 321.0
838 307.0
839 307.0
840 310.0
841 310.0
842 32.0
843 310.0
844 307.0
845 310.0
846 307.0
847 310.0
848 307.0
849 307.0
850 307.0
851 496.0
852 332.0
853 332.0
854 332.0
855 98.0
856 255.0
857 501.0
858 333.0
859 310.0
860 310.0
861 333.0
862 307.0
863 32.0
864 307.0
865 307.0
866 465.0
867 465.0
868 332.0
869 465.0
870 465.0
871 333.0
872 333.0
873 33.0
874 254.0
875 332.0
876 332.0
877 332.0
878 332.0
879 332.0
880 333.0
881 333.0
882 333.0
883 333.0
884 333.0
885 321.0
886 310.0
887 307.0
888 321.0
889 310.0
890 310.0
891 310.0
892 310.0
893 307.0
894 307.0
895 307.0
896 307.0
897 307.0
898 307.0
899 307.0
900 307.0
901 496.0
902 332.0
903 332.0
904 332.0
905 332.0
906 496.0
907 501.0
908 501.0
909 104.0
910 310.0
911 322.0
912 321.0
913 310.0
914 321.0
915 321.0
916 465.0
917 310.0
918 321.0
919 310.0
920 307.0
921 461.0
922 332.0
923 333.0
924 333.0
925 333.0
926 333.0
927 332.0
928 332.0
929 332.0
930 333.0
931 332.0
932 333.0
933 333.0
934 333.0
935 333.0
936 333.0
937 310.0
938 307.0
939 310.0
940 310.0
941 310.0
942 307.0
943 310.0
944 307.0
945 307.0
946 307.0
947 307.0
948 307.0
949 310.0
950 310.0
951 496.0
952 332.0
953 332.0
954 496.0
955 496.0
956 332.0
957 501.0
958 333.0
959 310.0
960 501.0
961 501.0
962 321.0
963 321.0
964 321.0
965 321.0
966 321.0
967 465.0
968 461.0
969 310.0
970 310.0
971 465.0
972 333.0
973 333.0
974 33.0
975 33.0
976 333.0
977 333.0
978 332.0
979 333.0
980 322.0
981 333.0
982 333.0
983 333.0
984 333.0
985 333.0
986 333.0
987 310.0
988 310.0
989 310.0
990 310.0
991 307.0
992 310.0
993 310.0
994 307.0
995 306.0
996 310.0
997 310.0
998 307.0
999 307.0
1000 310.0
1001 496.0
1002 397.0
1003 332.0
1004 397.0
1005 148.0
1006 332.0
1007 501.0
1008 310.0
1009 333.0
1010 310.0
1011 332.0
1012 310.0
1013 310.0
1014 321.0
1015 321.0
1016 307.0
1017 321.0
1018 321.0
1019 465.0
1020 310.0
1021 332.0
1022 321.0
1023 310.0
1024 310.0
1025 333.0
1026 333.0
1027 332.0
1028 333.0
1029 332.0
1030 333.0
1031 333.0
1032 333.0
1033 333.0
1034 333.0
1035 333.0
1036 333.0
1037 333.0
1038 310.0
1039 321.0
1040 310.0
1041 310.0
1042 310.0
1043 310.0
1044 307.0
1045 310.0
1046 310.0
1047 310.0
1048 306.0
1049 32.0
1050 310.0
1051 496.0
1052 305.0
1053 305.0
1054 98.0
1055 98.0
1056 501.0
1057 321.0
1058 333.0
1059 310.0
1060 501.0
1061 321.0
1062 321.0
1063 321.0
1064 310.0
1065 321.0
1066 465.0
1067 310.0
1068 310.0
1069 310.0
1070 310.0
1071 333.0
1072 333.0
1073 333.0
1074 333.0
1075 333.0
1076 333.0
1077 322.0
1078 333.0
1079 333.0
1080 333.0
1081 333.0
1082 332.0
1083 332.0
1084 333.0
1085 333.0
1086 321.0
1087 310.0
1088 310.0
1089 310.0
1090 310.0
1091 310.0
1092 310.0
1093 307.0
1094 306.0
1095 307.0
1096 310.0
1097 310.0
1098 307.0
1099 310.0
1100 310.0
1101 496.0
1102 305.0
1103 98.0
1104 98.0
1105 501.0
1106 307.0
1107 429.0
1108 310.0
1109 465.0
1110 310.0
1111 321.0
1112 321.0
1113 332.0
1114 310.0
1115 321.0
1116 465.0
1117 465.0
1118 310.0
1119 305.0
1120 332.0
1121 333.0
1122 32.0
1123 307.0
1124 333.0
1125 333.0
1126 333.0
1127 332.0
1128 333.0
1129 332.0
1130 333.0
1131 333.0
1132 333.0
1133 333.0
1134 333.0
1135 333.0
1136 321.0
1137 310.0
1138 310.0
1139 310.0
1140 321.0
1141 310.0
1142 307.0
1143 310.0
1144 307.0
1145 307.0
1146 310.0
1147 310.0
1148 310.0
1149 307.0
1150 310.0
1151 496.0
1152 305.0
1153 98.0
1154 501.0
1155 310.0
1156 501.0
1157 310.0
1158 310.0
1159 465.0
1160 332.0
1161 332.0
1162 332.0
1163 332.0
1164 332.0
1165 465.0
1166 465.0
1167 332.0
1168 310.0
1169 465.0
1170 310.0
1171 333.0
1172 254.0
1173 333.0
1174 333.0
1175 333.0
1176 333.0
1177 332.0
1178 333.0
1179 333.0
1180 333.0
1181 333.0
1182 333.0
1183 333.0
1184 321.0
1185 321.0
1186 321.0
1187 321.0
1188 310.0
1189 307.0
1190 310.0
1191 310.0
1192 333.0
1193 333.0
1194 333.0
1195 307.0
1196 333.0
1197 333.0
1198 333.0
1199 333.0
1200 33.0
1201 496.0
1202 98.0
1203 397.0
1204 98.0
1205 501.0
1206 310.0
1207 465.0
1208 310.0
1209 310.0
1210 501.0
1211 332.0
1212 332.0
1213 332.0
1214 332.0
1215 465.0
1216 332.0
1217 465.0
1218 310.0
1219 332.0
1220 310.0
1221 333.0
1222 333.0
1223 333.0
1224 333.0
1225 333.0
1226 104.0
1227 332.0
1228 333.0
1229 333.0
1230 332.0
1231 333.0
1232 333.0
1233 321.0
1234 397.0
1235 310.0
1236 310.0
1237 310.0
1238 310.0
1239 310.0
1240 310.0
1241 333.0
1242 307.0
1243 333.0
1244 333.0
1245 333.0
1246 333.0
1247 307.0
1248 307.0
1249 33.0
1250 333.0
1251 496.0
1252 496.0
1253 397.0
1254 98.0
1255 305.0
1256 501.0
1257 501.0
1258 310.0
1259 322.0
1260 452.0
1261 33.0
1262 310.0
1263 332.0
1264 310.0
1265 332.0
1266 332.0
1267 332.0
1268 332.0
1269 465.0
1270 321.0
1271 465.0
1272 465.0
1273 321.0
1274 332.0
1275 310.0
1276 333.0
1277 33.0
1278 333.0
1279 333.0
1280 33.0
1281 333.0
1282 333.0
1283 332.0
1284 333.0
1285 333.0
1286 332.0
1287 333.0
1288 333.0
1289 332.0
1290 333.0
1291 333.0
1292 333.0
1293 397.0
1294 32.0
1295 333.0
1296 333.0
1297 32.0
1298 332.0
1299 32.0
1300 307.0
1301 496.0
1302 305.0
1303 310.0
1304 332.0
1305 305.0
1306 496.0
1307 501.0
1308 465.0
1309 405.0
1310 333.0
1311 310.0
1312 333.0
1313 332.0
1314 332.0
1315 321.0
1316 332.0
1317 332.0
1318 465.0
1319 465.0
1320 310.0
1321 332.0
1322 465.0
1323 321.0
1324 333.0
1325 294.0
1326 104.0
1327 104.0
1328 333.0
1329 332.0
1330 333.0
1331 333.0
1332 332.0
1333 333.0
1334 333.0
1335 333.0
1336 333.0
1337 33.0
1338 397.0
1339 397.0
1340 333.0
1341 333.0
1342 333.0
1343 307.0
1344 332.0
1345 333.0
1346 333.0
1347 333.0
1348 333.0
1349 333.0
1350 332.0
1351 496.0
1352 332.0
1353 496.0
1354 305.0
1355 332.0
1356 397.0
1357 501.0
1358 322.0
1359 310.0
1360 501.0
1361 501.0
1362 310.0
1363 332.0
1364 332.0
1365 332.0
1366 332.0
1367 332.0
1368 465.0
1369 465.0
1370 310.0
1371 465.0
1372 310.0
1373 397.0
1374 333.0
1375 333.0
1376 332.0
1377 333.0
1378 333.0
1379 332.0
1380 333.0
1381 322.0
1382 333.0
1383 333.0
1384 333.0
1385 333.0
1386 397.0
1387 397.0
1388 333.0
1389 397.0
1390 397.0
1391 321.0
1392 333.0
1393 333.0
1394 333.0
1395 333.0
1396 333.0
1397 333.0
1398 333.0
1399 333.0
1400 33.0
1401 496.0
1402 332.0
1403 496.0
1404 310.0
1405 332.0
1406 305.0
1407 501.0
1408 501.0
1409 501.0
1410 310.0
1411 332.0
1412 501.0
1413 332.0
1414 332.0
1415 332.0
1416 332.0
1417 332.0
1418 501.0
1419 465.0
1420 310.0
1421 33.0
1422 310.0
1423 310.0
1424 333.0
1425 333.0
1426 333.0
1427 333.0
1428 333.0
1429 333.0
1430 333.0
1431 333.0
1432 332.0
1433 333.0
1434 397.0
1435 333.0
1436 333.0
1437 333.0
1438 310.0
1439 333.0
1440 332.0
1441 333.0
1442 333.0
1443 333.0
1444 32.0
1445 333.0
1446 332.0
1447 333.0
1448 307.0
1449 333.0
1450 332.0
1451 496.0
1452 98.0
1453 496.0
1454 332.0
1455 332.0
1456 305.0
1457 501.0
1458 104.0
1459 322.0
1460 104.0
1461 465.0
1462 104.0
1463 310.0
1464 332.0
1465 332.0
1466 332.0
1467 332.0
1468 332.0
1469 501.0
1470 501.0
1471 310.0
1472 310.0
1473 496.0
1474 333.0
1475 333.0
1476 333.0
1477 333.0
1478 332.0
1479 333.0
1480 333.0
1481 333.0
1482 333.0
1483 333.0
1484 397.0
1485 397.0
1486 321.0
1487 333.0
1488 397.0
1489 333.0
1490 333.0
1491 322.0
1492 333.0
1493 322.0
1494 332.0
1495 333.0
1496 321.0
1497 333.0
1498 322.0
1499 333.0
1500 33.0
1501 496.0
1502 305.0
1503 98.0
1504 332.0
1505 98.0
1506 496.0
1507 397.0
1508 501.0
1509 333.0
1510 333.0
1511 310.0
1512 332.0
1513 332.0
1514 332.0
1515 332.0
1516 332.0
1517 332.0
1518 501.0
1519 333.0
1520 501.0
1521 310.0
1522 333.0
1523 501.0
1524 332.0
1525 333.0
1526 333.0
1527 322.0
1528 333.0
1529 333.0
1530 333.0
1531 333.0
1532 333.0
1533 333.0
1534 333.0
1535 333.0
1536 332.0
1537 397.0
1538 397.0
1539 306.0
1540 397.0
1541 397.0
1542 397.0
1543 333.0
1544 307.0
1545 322.0
1546 333.0
1547 333.0
1548 333.0
1549 333.0
1550 333.0
1551 496.0
1552 305.0
1553 332.0
1554 496.0
1555 332.0
1556 501.0
1557 501.0
1558 465.0
1559 429.0
1560 310.0
1561 332.0
1562 332.0
1563 332.0
1564 332.0
1565 321.0
1566 501.0
1567 465.0
1568 397.0
1569 501.0
1570 333.0
1571 501.0
1572 333.0
1573 333.0
1574 333.0
1575 333.0
1576 332.0
1577 333.0
1578 333.0
1579 333.0
1580 333.0
1581 333.0
1582 397.0
1583 397.0
1584 333.0
1585 373.0
1586 32.0
1587 301.0
1588 333.0
1589 333.0
1590 333.0
1591 333.0
1592 333.0
1593 332.0
1594 332.0
1595 310.0
1596 332.0
1597 332.0
1598 306.0
1599 321.0
1600 332.0
1601 496.0
1602 397.0
1603 305.0
1604 98.0
1605 332.0
1606 332.0
1607 501.0
1608 501.0
1609 332.0
1610 333.0
1611 310.0
1612 501.0
1613 332.0
1614 332.0
1615 332.0
1616 332.0
1617 332.0
1618 501.0
1619 501.0
1620 305.0
1621 332.0
1622 465.0
1623 310.0
1624 333.0
1625 333.0
1626 333.0
1627 328.0
1628 333.0
1629 333.0
1630 333.0
1631 307.0
1632 33.0
1633 104.0
1634 397.0
1635 321.0
1636 321.0
1637 310.0
1638 333.0
1639 333.0
1640 333.0
1641 333.0
1642 333.0
1643 332.0
1644 332.0
1645 321.0
1646 332.0
1647 332.0
1648 332.0
1649 332.0
1650 332.0
1651 496.0
1652 496.0
1653 496.0
1654 397.0
1655 496.0
1656 501.0
1657 501.0
1658 501.0
1659 328.0
1660 310.0
1661 501.0
1662 332.0
1663 332.0
1664 332.0
1665 332.0
1666 332.0
1667 501.0
1668 305.0
1669 496.0
1670 333.0
1671 310.0
1672 501.0
1673 333.0
1674 333.0
1675 332.0
1676 333.0
1677 333.0
1678 333.0
1679 333.0
1680 333.0
1681 397.0
1682 397.0
1683 397.0
1684 333.0
1685 397.0
1686 333.0
1687 333.0
1688 307.0
1689 333.0
1690 332.0
1691 332.0
1692 321.0
1693 332.0
1694 332.0
1695 332.0
1696 332.0
1697 306.0
1698 332.0
1699 310.0
1700 332.0
1701 496.0
1702 98.0
1703 496.0
1704 332.0
1705 305.0
1706 332.0
1707 305.0
1708 501.0
1709 104.0
1710 328.0
1711 501.0
1712 328.0
1713 310.0
1714 332.0
1715 321.0
1716 332.0
1717 332.0
1718 501.0
1719 310.0
1720 310.0
1721 310.0
1722 310.0
1723 310.0
1724 333.0
1725 333.0
1726 333.0
1727 333.0
1728 333.0
1729 333.0
1730 333.0
1731 333.0
1732 397.0
1733 397.0
1734 332.0
1735 321.0
1736 397.0
1737 333.0
1738 333.0
1739 333.0
1740 333.0
1741 332.0
1742 332.0
1743 321.0
1744 332.0
1745 332.0
1746 332.0
1747 332.0
1748 332.0
1749 332.0
1750 332.0
1751 496.0
1752 496.0
1753 332.0
1754 307.0
1755 496.0
1756 501.0
1757 310.0
1758 465.0
1759 501.0
1760 310.0
1761 332.0
1762 332.0
1763 332.0
1764 332.0
1765 332.0
1766 501.0
1767 305.0
1768 310.0
1769 310.0
1770 255.0
1771 333.0
1772 333.0
1773 332.0
1774 333.0
1775 333.0
1776 333.0
1777 333.0
1778 332.0
1779 333.0
1780 333.0
1781 397.0
1782 333.0
1783 321.0
1784 397.0
1785 397.0
1786 321.0
1787 333.0
1788 307.0
1789 333.0
1790 333.0
1791 333.0
1792 332.0
1793 332.0
1794 332.0
1795 332.0
1796 332.0
1797 307.0
1798 332.0
1799 321.0
1800 332.0
1801 496.0
1802 98.0
1803 496.0
1804 332.0
1805 496.0
1806 305.0
1807 501.0
1808 333.0
1809 501.0
1810 310.0
1811 333.0
1812 328.0
1813 332.0
1814 332.0
1815 321.0
1816 332.0
1817 332.0
1818 501.0
1819 333.0
1820 333.0
1821 465.0
1822 501.0
1823 333.0
1824 104.0
1825 333.0
1826 333.0
1827 333.0
1828 333.0
1829 332.0
1830 333.0
1831 332.0
1832 307.0
1833 397.0
1834 333.0
1835 333.0
1836 321.0
1837 397.0
1838 333.0
1839 333.0
1840 333.0
1841 333.0
1842 333.0
1843 332.0
1844 332.0
1845 332.0
1846 332.0
1847 332.0
1848 332.0
1849 332.0
1850 310.0
1851 496.0
1852 305.0
1853 98.0
1854 305.0
1855 501.0
1856 333.0
1857 310.0
1858 333.0
1859 501.0
1860 332.0
1861 332.0
1862 332.0
1863 332.0
1864 501.0
1865 465.0
1866 333.0
1867 333.0
1868 322.0
1869 333.0
1870 333.0
1871 333.0
1872 333.0
1873 333.0
1874 333.0
1875 333.0
1876 397.0
1877 397.0
1878 397.0
1879 397.0
1880 333.0
1881 33.0
1882 32.0
1883 307.0
1884 332.0
1885 332.0
1886 332.0
1887 332.0
1888 501.0
1889 332.0
1890 305.0
1891 310.0
1892 333.0
1893 501.0
1894 501.0
1895 327.0
1896 310.0
1897 310.0
1898 310.0
1899 332.0
1900 429.0
1901 496.0
1902 496.0
1903 98.0
1904 98.0
1905 501.0
1906 310.0
1907 310.0
1908 501.0
1909 501.0
1910 332.0
1911 332.0
1912 332.0
1913 332.0
1914 501.0
1915 332.0
1916 501.0
1917 310.0
1918 501.0
1919 333.0
1920 333.0
1921 333.0
1922 333.0
1923 333.0
1924 333.0
1925 333.0
1926 333.0
1927 501.0
1928 501.0
1929 501.0
1930 333.0
1931 310.0
1932 310.0
1933 333.0
1934 333.0
1935 332.0
1936 321.0
1937 321.0
1938 332.0
1939 501.0
1940 465.0
1941 310.0
1942 333.0
1943 333.0
1944 310.0
1945 310.0
1946 310.0
1947 333.0
1948 310.0
1949 465.0
1950 310.0
1951 496.0
1952 305.0
1953 465.0
1954 496.0
1955 98.0
1956 501.0
1957 310.0
1958 501.0
1959 429.0
1960 333.0
1961 397.0
1962 501.0
1963 501.0
1964 104.0
1965 310.0
1966 333.0
1967 333.0
1968 501.0
1969 501.0
1970 310.0
1971 332.0
1972 501.0
1973 397.0
1974 501.0
1975 310.0
1976 501.0
1977 333.0
1978 501.0
1979 333.0
1980 465.0
1981 305.0
1982 333.0
1983 333.0
1984 333.0
1985 333.0
1986 333.0
1987 333.0
1988 32.0
1989 333.0
1990 333.0
1991 333.0
1992 332.0
1993 332.0
1994 321.0
1995 332.0
1996 332.0
1997 332.0
1998 332.0
1999 332.0
2000 332.0
2001 496.0
2002 332.0
2003 98.0
2004 332.0
2005 397.0
2006 501.0
2007 104.0
2008 333.0
2009 465.0
2010 310.0
2011 501.0
2012 333.0
2013 501.0
2014 501.0
2015 310.0
2016 333.0
2017 322.0
2018 429.0
2019 501.0
2020 310.0
2021 501.0
2022 501.0
2023 501.0
2024 310.0
2025 501.0
2026 333.0
2027 98.0
2028 322.0
2029 501.0
2030 327.0
2031 333.0
2032 333.0
2033 333.0
2034 333.0
2035 333.0
2036 333.0
2037 307.0
2038 333.0
2039 333.0
2040 332.0
2041 332.0
2042 332.0
2043 332.0
2044 332.0
2045 104.0
2046 397.0
2047 104.0
2048 104.0
2049 104.0
2050 104.0
2051 496.0
2052 397.0
2053 332.0
2054 98.0
2055 501.0
2056 501.0
2057 310.0
2058 104.0
2059 332.0
2060 501.0
2061 501.0
2062 501.0
2063 465.0
2064 310.0
2065 397.0
2066 501.0
2067 310.0
2068 310.0
2069 255.0
2070 333.0
2071 333.0
2072 501.0
2073 327.0
2074 310.0
2075 333.0
2076 310.0
2077 333.0
2078 333.0
2079 333.0
2080 333.0
2081 333.0
2082 333.0
2083 333.0
2084 33.0
2085 332.0
2086 310.0
2087 332.0
2088 332.0
2089 397.0
2090 397.0
2091 332.0
2092 332.0
2093 332.0
2094 332.0
2095 332.0
2096 332.0
2097 332.0
2098 332.0
2099 332.0
2100 332.0
2101 496.0
2102 98.0
2103 465.0
2104 332.0
2105 501.0
2106 310.0
2107 310.0
2108 501.0
2109 333.0
2110 501.0
2111 332.0
2112 332.0
2113 310.0
2114 397.0
2115 501.0
2116 333.0
2117 333.0
2118 332.0
2119 501.0
2120 310.0
2121 310.0
2122 501.0
2123 333.0
2124 333.0
2125 333.0
2126 333.0
2127 333.0
2128 333.0
2129 333.0
2130 333.0
2131 332.0
2132 321.0
2133 332.0
2134 332.0
2135 397.0
2136 397.0
2137 104.0
2138 397.0
2139 104.0
2140 332.0
2141 32.0
2142 332.0
2143 332.0
2144 332.0
2145 332.0
2146 332.0
2147 332.0
2148 332.0
2149 332.0
2150 332.0
2151 496.0
2152 98.0
2153 496.0
2154 98.0
2155 501.0
2156 501.0
2157 333.0
2158 332.0
2159 332.0
2160 501.0
2161 333.0
2162 327.0
2163 496.0
2164 501.0
2165 501.0
2166 501.0
2167 501.0
2168 332.0
2169 310.0
2170 465.0
2171 332.0
2172 333.0
2173 322.0
2174 333.0
2175 333.0
2176 333.0
2177 333.0
2178 333.0
2179 333.0
2180 332.0
2181 332.0
2182 310.0
2183 332.0
2184 397.0
2185 397.0
2186 98.0
2187 104.0
2188 332.0
2189 332.0
2190 332.0
2191 332.0
2192 332.0
2193 332.0
2194 332.0
2195 332.0
2196 332.0
2197 332.0
2198 332.0
2199 321.0
2200 332.0
2201 496.0
2202 98.0
2203 332.0
2204 332.0
2205 332.0
2206 501.0
2207 310.0
2208 501.0
2209 501.0
2210 310.0
2211 501.0
2212 333.0
2213 278.0
2214 465.0
2215 310.0
2216 501.0
2217 310.0
2218 501.0
2219 333.0
2220 501.0
2221 465.0
2222 310.0
2223 465.0
2224 501.0
2225 465.0
2226 310.0
2227 310.0
2228 465.0
2229 333.0
2230 333.0
2231 321.0
2232 332.0
2233 98.0
2234 333.0
2235 333.0
2236 307.0
2237 33.0
2238 333.0
2239 332.0
2240 332.0
2241 332.0
2242 332.0
2243 332.0
2244 332.0
2245 332.0
2246 332.0
2247 332.0
2248 332.0
2249 332.0
2250 332.0
2251 496.0
2252 98.0
2253 496.0
2254 305.0
2255 501.0
2256 501.0
2257 310.0
2258 429.0
2259 501.0
2260 310.0
2261 501.0
2262 332.0
2263 501.0
2264 310.0
2265 501.0
2266 501.0
2267 333.0
2268 332.0
2269 332.0
2270 310.0
2271 310.0
2272 501.0
2273 397.0
2274 397.0
2275 332.0
2276 332.0
2277 465.0
2278 333.0
2279 333.0
2280 333.0
2281 333.0
2282 465.0
2283 333.0
2284 332.0
2285 333.0
2286 32.0
2287 332.0
2288 332.0
2289 32.0
2290 332.0
2291 332.0
2292 307.0
2293 307.0
2294 307.0
2295 307.0
2296 307.0
2297 307.0
2298 307.0
2299 307.0
2300 307.0
2301 496.0
2302 332.0
2303 305.0
2304 98.0
2305 501.0
2306 333.0
2307 305.0
2308 332.0
2309 333.0
2310 310.0
2311 501.0
2312 465.0
2313 305.0
2314 501.0
2315 461.0
2316 465.0
2317 501.0
2318 501.0
2319 501.0
2320 310.0
2321 33.0
2322 501.0
2323 333.0
2324 465.0
2325 33.0
2326 465.0
2327 333.0
2328 333.0
2329 332.0
2330 333.0
2331 465.0
2332 465.0
2333 104.0
2334 332.0
2335 310.0
2336 332.0
2337 332.0
2338 332.0
2339 307.0
2340 307.0
2341 307.0
2342 307.0
2343 33.0
2344 333.0
2345 307.0
2346 307.0
2347 307.0
2348 333.0
2349 333.0
2350 307.0
2351 501.0
2352 310.0
2353 465.0
2354 501.0
2355 321.0
2356 254.0
2357 0.0
2358 32.0
2359 0.0
2360 333.0
2361 333.0
2362 98.0
2363 333.0
2364 32.0
2365 501.0
2366 465.0
2367 310.0
2368 501.0
2369 278.0
2370 310.0
2371 397.0
2372 332.0
2373 305.0
2374 104.0
2375 429.0
2376 305.0
2377 307.0
2378 501.0
2379 429.0
2380 397.0
2381 461.0
2382 501.0
2383 501.0
2384 501.0
2385 333.0
2386 310.0
2387 310.0
2388 501.0
2389 333.0
2390 104.0
2391 333.0
2392 501.0
2393 501.0
2394 333.0
2395 333.0
2396 397.0
2397 333.0
2398 305.0
2399 501.0
2400 255.0
2401 321.0
2402 321.0
2403 309.0
2404 321.0
2405 324.0
2406 501.0
2407 310.0
2408 465.0
2409 310.0
2410 397.0
2411 310.0
2412 397.0
2413 310.0
2414 333.0
2415 333.0
2416 465.0
2417 501.0
2418 310.0
2419 501.0
2420 333.0
2421 310.0
2422 332.0
2423 104.0
2424 397.0
2425 501.0
2426 333.0
2427 501.0
2428 501.0
2429 104.0
2430 310.0
2431 310.0
2432 501.0
2433 310.0
2434 310.0
2435 465.0
2436 501.0
2437 397.0
2438 310.0
2439 501.0
2440 501.0
2441 321.0
2442 310.0
2443 333.0
2444 310.0
2445 310.0
2446 501.0
2447 307.0
2448 397.0
2449 310.0
2450 333.0
2451 324.0
2452 321.0
2453 324.0
2454 324.0
2455 98.0
2456 0.0
2457 306.0
2458 501.0
2459 310.0
2460 310.0
2461 465.0
2462 496.0
2463 332.0
2464 397.0
2465 501.0
2466 501.0
2467 501.0
2468 104.0
2469 310.0
2470 310.0
2471 310.0
2472 501.0
2473 310.0
2474 501.0
2475 501.0
2476 333.0
2477 501.0
2478 501.0
2479 310.0
2480 397.0
2481 333.0
2482 501.0
2483 501.0
2484 465.0
2485 397.0
2486 501.0
2487 397.0
2488 104.0
2489 104.0
2490 461.0
2491 310.0
2492 310.0
2493 310.0
2494 310.0
2495 310.0
2496 310.0
2497 310.0
2498 310.0
2499 310.0
2500 310.0
2501 324.0
2502 324.0
2503 324.0
2504 332.0
2505 324.0
2506 501.0
2507 344.0
2508 332.0
2509 501.0
2510 310.0
2511 465.0
2512 496.0
2513 333.0
2514 327.0
2515 496.0
2516 501.0
2517 310.0
2518 310.0
2519 501.0
2520 310.0
2521 333.0
2522 104.0
2523 479.0
2524 501.0
2525 310.0
2526 501.0
2527 501.0
2528 310.0
2529 310.0
2530 310.0
2531 501.0
2532 333.0
2533 501.0
2534 501.0
2535 501.0
2536 397.0
2537 465.0
2538 104.0
2539 310.0
2540 501.0
2541 310.0
2542 465.0
2543 501.0
2544 332.0
2545 310.0
2546 397.0
2547 262.0
2548 310.0
2549 310.0
2550 104.0
2551 332.0
2552 306.0
2553 332.0
2554 332.0
2555 332.0
2556 98.0
2557 332.0
2558 501.0
2559 501.0
2560 310.0
2561 305.0
2562 501.0
2563 333.0
2564 310.0
2565 310.0
2566 501.0
2567 310.0
2568 305.0
2569 322.0
2570 104.0
2571 310.0
2572 501.0
2573 501.0
2574 310.0
2575 501.0
2576 496.0
2577 310.0
2578 333.0
2579 310.0
2580 310.0
2581 310.0
2582 310.0
2583 501.0
2584 333.0
2585 501.0
2586 465.0
2587 397.0
2588 397.0
2589 501.0
2590 501.0
2591 310.0
2592 501.0
2593 501.0
2594 501.0
2595 452.0
2596 465.0
2597 333.0
2598 465.0
2599 310.0
2600 397.0
2601 332.0
2602 332.0
2603 332.0
2604 332.0
2605 501.0
2606 310.0
2607 310.0
2608 501.0
2609 501.0
2610 501.0
2611 305.0
2612 501.0
2613 501.0
2614 310.0
2615 501.0
2616 310.0
2617 310.0
2618 310.0
2619 310.0
2620 501.0
2621 397.0
2622 397.0
2623 397.0
2624 310.0
2625 397.0
2626 501.0
2627 104.0
2628 310.0
2629 501.0
2630 310.0
2631 310.0
2632 332.0
2633 332.0
2634 305.0
2635 332.0
2636 305.0
2637 305.0
2638 310.0
2639 305.0
2640 501.0
2641 501.0
2642 501.0
2643 501.0
2644 501.0
2645 501.0
2646 501.0
2647 333.0
2648 501.0
2649 310.0
2650 310.0
2651 332.0
2652 305.0
2653 307.0
2654 332.0
2655 501.0
2656 310.0
2657 310.0
2658 333.0
2659 310.0
2660 310.0
2661 501.0
2662 310.0
2663 310.0
2664 104.0
2665 501.0
2666 333.0
2667 501.0
2668 310.0
2669 465.0
2670 501.0
2671 310.0
2672 501.0
2673 397.0
2674 501.0
2675 104.0
2676 397.0
2677 501.0
2678 333.0
2679 501.0
2680 501.0
2681 501.0
2682 332.0
2683 332.0
2684 332.0
2685 332.0
2686 310.0
2687 98.0
2688 310.0
2689 310.0
2690 501.0
2691 333.0
2692 501.0
2693 501.0
2694 33.0
2695 465.0
2696 501.0
2697 333.0
2698 501.0
2699 465.0
2700 465.0
2701 332.0
2702 306.0
2703 332.0
2704 332.0
2705 501.0
2706 465.0
2707 333.0
2708 465.0
2709 397.0
2710 501.0
2711 310.0
2712 332.0
2713 333.0
2714 310.0
2715 501.0
2716 322.0
2717 310.0
2718 310.0
2719 310.0
2720 33.0
2721 501.0
2722 465.0
2723 104.0
2724 310.0
2725 104.0
2726 501.0
2727 501.0
2728 501.0
2729 501.0
2730 397.0
2731 33.0
2732 501.0
2733 332.0
2734 305.0
2735 305.0
2736 98.0
2737 310.0
2738 310.0
2739 310.0
2740 310.0
2741 501.0
2742 397.0
2743 501.0
2744 501.0
2745 501.0
2746 501.0
2747 501.0
2748 501.0
2749 310.0
2750 501.0
2751 332.0
2752 305.0
2753 332.0
2754 332.0
2755 501.0
2756 327.0
2757 465.0
2758 310.0
2759 333.0
2760 501.0
2761 333.0
2762 333.0
2763 501.0
2764 501.0
2765 501.0
2766 501.0
2767 501.0
2768 397.0
2769 310.0
2770 501.0
2771 465.0
2772 501.0
2773 501.0
2774 333.0
2775 332.0
2776 305.0
2777 332.0
2778 310.0
2779 310.0
2780 305.0
2781 332.0
2782 501.0
2783 501.0
2784 33.0
2785 501.0
2786 501.0
2787 501.0
2788 305.0
2789 82.0
2790 32.0
2791 279.0
2792 310.0
2793 310.0
2794 310.0
2795 310.0
2796 310.0
2797 310.0
2798 310.0
2799 310.0
2800 310.0
2801 332.0
2802 332.0
2803 332.0
2804 332.0
2805 501.0
2806 333.0
2807 496.0
2808 496.0
2809 310.0
2810 501.0
2811 310.0
2812 332.0
2813 501.0
2814 333.0
2815 501.0
2816 310.0
2817 333.0
2818 333.0
2819 310.0
2820 429.0
2821 397.0
2822 501.0
2823 279.0
2824 397.0
2825 333.0
2826 501.0
2827 501.0
2828 501.0
2829 501.0
2830 397.0
2831 397.0
2832 501.0
2833 501.0
2834 397.0
2835 501.0
2836 310.0
2837 397.0
2838 310.0
2839 397.0
2840 429.0
2841 397.0
2842 310.0
2843 310.0
2844 310.0
2845 310.0
2846 397.0
2847 310.0
2848 310.0
2849 310.0
2850 397.0
2851 332.0
2852 332.0
2853 332.0
2854 332.0
2855 501.0
2856 332.0
2857 465.0
2858 310.0
2859 429.0
2860 465.0
2861 501.0
2862 310.0
2863 465.0
2864 33.0
2865 501.0
2866 501.0
2867 310.0
2868 333.0
2869 397.0
2870 254.0
2871 501.0
2872 397.0
2873 501.0
2874 501.0
2875 465.0
2876 501.0
2877 501.0
2878 501.0
2879 310.0
2880 501.0
2881 501.0
2882 501.0
2883 501.0
2884 501.0
2885 397.0
2886 465.0
2887 501.0
2888 429.0
2889 310.0
2890 307.0
2891 397.0
2892 307.0
2893 397.0
2894 310.0
2895 397.0
2896 310.0
2897 310.0
2898 397.0
2899 397.0
2900 310.0
2901 332.0
2902 496.0
2903 332.0
2904 496.0
2905 501.0
2906 310.0
2907 465.0
2908 332.0
2909 310.0
2910 501.0
2911 501.0
2912 310.0
2913 496.0
2914 501.0
2915 501.0
2916 310.0
2917 310.0
2918 310.0
2919 501.0
2920 501.0
2921 310.0
2922 333.0
2923 624.0
2924 397.0
2925 501.0
2926 501.0
2927 397.0
2928 501.0
2929 333.0
2930 501.0
2931 501.0
2932 501.0
2933 310.0
2934 465.0
2935 501.0
2936 501.0
2937 429.0
2938 429.0
2939 397.0
2940 310.0
2941 397.0
2942 397.0
2943 397.0
2944 397.0
2945 397.0
2946 397.0
2947 397.0
2948 397.0
2949 397.0
2950 397.0
2951 496.0
2952 332.0
2953 332.0
2954 496.0
2955 305.0
2956 501.0
2957 333.0
2958 501.0
2959 332.0
2960 501.0
2961 310.0
2962 397.0
2963 465.0
2964 501.0
2965 501.0
2966 397.0
2967 501.0
2968 33.0
2969 624.0
2970 624.0
2971 536.0
2972 429.0
2973 310.0
2974 501.0
2975 501.0
2976 305.0
2977 305.0
2978 501.0
2979 501.0
2980 33.0
2981 310.0
2982 397.0
2983 501.0
2984 429.0
2985 397.0
2986 397.0
2987 397.0
2988 397.0
2989 397.0
2990 397.0
2991 397.0
2992 333.0
2993 333.0
2994 333.0
2995 333.0
2996 333.0
2997 333.0
2998 333.0
2999 333.0
3000 332.0
3001 496.0
3002 465.0
3003 465.0
3004 496.0
3005 501.0
3006 327.0
3007 310.0
3008 332.0
3009 333.0
3010 501.0
3011 332.0
3012 310.0
3013 501.0
3014 501.0
3015 501.0
3016 397.0
3017 310.0
3018 501.0
3019 624.0
3020 397.0
3021 397.0
3022 624.0
3023 397.0
3024 501.0
3025 501.0
3026 501.0
3027 501.0
3028 310.0
3029 310.0
3030 501.0
3031 104.0
3032 501.0
3033 501.0
3034 397.0
3035 397.0
3036 307.0
3037 397.0
3038 397.0
3039 397.0
3040 397.0
3041 310.0
3042 333.0
3043 322.0
3044 333.0
3045 333.0
3046 333.0
3047 332.0
3048 333.0
3049 333.0
3050 333.0
3051 496.0
3052 98.0
3053 332.0
3054 306.0
3055 496.0
3056 501.0
3057 501.0
3058 333.0
3059 333.0
3060 501.0
3061 465.0
3062 310.0
3063 310.0
3064 501.0
3065 429.0
3066 333.0
3067 310.0
3068 310.0
3069 624.0
3070 310.0
3071 397.0
3072 501.0
3073 310.0
3074 624.0
3075 501.0
3076 310.0
3077 501.0
3078 465.0
3079 501.0
3080 501.0
3081 310.0
3082 397.0
3083 397.0
3084 397.0
3085 397.0
3086 397.0
3087 397.0
3088 333.0
3089 333.0
3090 333.0
3091 332.0
3092 397.0
3093 501.0
3094 397.0
3095 397.0
3096 397.0
3097 397.0
3098 397.0
3099 397.0
3100 397.0
3101 496.0
3102 310.0
3103 306.0
3104 305.0
3105 310.0
3106 501.0
3107 333.0
3108 465.0
3109 501.0
3110 501.0
3111 310.0
3112 501.0
3113 310.0
3114 501.0
3115 310.0
3116 333.0
3117 501.0
3118 501.0
3119 429.0
3120 332.0
3121 310.0
3122 501.0
3123 624.0
3124 536.0
3125 310.0
3126 536.0
3127 479.0
3128 536.0
3129 397.0
3130 501.0
3131 397.0
3132 501.0
3133 501.0
3134 501.0
3135 501.0
3136 397.0
3137 397.0
3138 397.0
3139 397.0
3140 310.0
3141 501.0
3142 397.0
3143 429.0
3144 397.0
3145 397.0
3146 397.0
3147 397.0
3148 397.0
3149 333.0
3150 397.0
3151 496.0
3152 496.0
3153 332.0
3154 496.0
3155 501.0
3156 496.0
3157 327.0
3158 465.0
3159 332.0
3160 501.0
3161 333.0
3162 310.0
3163 501.0
3164 333.0
3165 501.0
3166 333.0
3167 501.0
3168 429.0
3169 333.0
3170 624.0
3171 397.0
3172 536.0
3173 397.0
3174 397.0
3175 309.0
3176 501.0
3177 501.0
3178 429.0
3179 501.0
3180 501.0
3181 501.0
3182 501.0
3183 310.0
3184 104.0
3185 333.0
3186 501.0
3187 310.0
3188 501.0
3189 397.0
3190 397.0
3191 501.0
3192 397.0
3193 397.0
3194 397.0
3195 310.0
3196 397.0
3197 397.0
3198 397.0
3199 397.0
3200 397.0
3201 496.0
3202 496.0
3203 332.0
3204 278.0
3205 332.0
3206 32.0
3207 501.0
3208 310.0
3209 310.0
3210 333.0
3211 333.0
3212 501.0
3213 33.0
3214 501.0
3215 333.0
3216 501.0
3217 501.0
3218 307.0
3219 501.0
3220 501.0
3221 501.0
3222 624.0
3223 33.0
3224 322.0
3225 536.0
3226 310.0
3227 501.0
3228 501.0
3229 501.0
3230 310.0
3231 501.0
3232 333.0
3233 501.0
3234 333.0
3235 397.0
3236 501.0
3237 501.0
3238 501.0
3239 397.0
3240 501.0
3241 397.0
3242 397.0
3243 397.0
3244 397.0
3245 397.0
3246 310.0
3247 397.0
3248 397.0
3249 397.0
3250 397.0
3251 496.0
3252 332.0
3253 332.0
3254 305.0
3255 501.0
3256 333.0
3257 33.0
3258 333.0
3259 501.0
3260 333.0
3261 333.0
3262 501.0
3263 465.0
3264 501.0
3265 310.0
3266 333.0
3267 332.0
3268 333.0
3269 310.0
3270 624.0
3271 325.0
3272 536.0
3273 536.0
3274 310.0
3275 501.0
3276 501.0
3277 465.0
3278 333.0
3279 501.0
3280 397.0
3281 501.0
3282 397.0
3283 501.0
3284 310.0
3285 333.0
3286 501.0
3287 310.0
3288 397.0
3289 397.0
3290 397.0
3291 397.0
3292 397.0
3293 310.0
3294 397.0
3295 397.0
3296 397.0
3297 397.0
3298 397.0
3299 397.0
3300 397.0
3301 496.0
3302 98.0
3303 332.0
3304 332.0
3305 307.0
3306 501.0
3307 333.0
3308 333.0
3309 333.0
3310 501.0
3311 465.0
3312 310.0
3313 310.0
3314 501.0
3315 262.0
3316 501.0
3317 310.0
3318 501.0
3319 429.0
3320 624.0
3321 325.0
3322 536.0
3323 397.0
3324 536.0
3325 501.0
3326 501.0
3327 501.0
3328 397.0
3329 465.0
3330 98.0
3331 501.0
3332 501.0
3333 501.0
3334 333.0
3335 501.0
3336 465.0
3337 501.0
3338 501.0
3339 501.0
3340 305.0
3341 397.0
3342 397.0
3343 294.0
3344 397.0
3345 397.0
3346 397.0
3347 397.0
3348 397.0
3349 305.0
3350 397.0
3351 496.0
3352 496.0
3353 308.0
3354 32.0
3355 501.0
3356 461.0
3357 461.0
3358 310.0
3359 332.0
3360 501.0
3361 501.0
3362 333.0
3363 501.0
3364 501.0
3365 501.0
3366 501.0
3367 333.0
3368 397.0
3369 322.0
3370 624.0
3371 397.0
3372 536.0
3373 309.0
3374 624.0
3375 397.0
3376 501.0
3377 501.0
3378 501.0
3379 397.0
3380 501.0
3381 501.0
3382 501.0
3383 501.0
3384 501.0
3385 333.0
3386 501.0
3387 501.0
3388 501.0
3389 305.0
3390 501.0
3391 501.0
3392 397.0
3393 397.0
3394 397.0
3395 397.0
3396 397.0
3397 397.0
3398 397.0
3399 397.0
3400 397.0
3401 496.0
3402 332.0
3403 496.0
3404 278.0
3405 501.0
3406 310.0
3407 310.0
3408 501.0
3409 324.0
3410 501.0
3411 465.0
3412 332.0
3413 310.0
3414 310.0
3415 310.0
3416 501.0
3417 501.0
3418 310.0
3419 310.0
3420 333.0
3421 624.0
3422 624.0
3423 310.0
3424 33.0
3425 624.0
3426 310.0
3427 501.0
3428 310.0
3429 465.0
3430 501.0
3431 501.0
3432 310.0
3433 501.0
3434 397.0
3435 310.0
3436 310.0
3437 501.0
3438 310.0
3439 501.0
3440 397.0
3441 397.0
3442 397.0
3443 397.0
3444 397.0
3445 397.0
3446 397.0
3447 397.0
3448 397.0
3449 397.0
3450 397.0
3451 496.0
3452 305.0
3453 305.0
3454 308.0
3455 305.0
3456 501.0
3457 310.0
3458 332.0
3459 501.0
3460 310.0
3461 501.0
3462 332.0
3463 310.0
3464 310.0
3465 333.0
3466 501.0
3467 310.0
3468 310.0
3469 322.0
3470 310.0
3471 624.0
3472 397.0
3473 397.0
3474 397.0
3475 33.0
3476 501.0
3477 501.0
3478 465.0
3479 501.0
3480 310.0
3481 501.0
3482 501.0
3483 501.0
3484 501.0
3485 501.0
3486 501.0
3487 429.0
3488 397.0
3489 397.0
3490 429.0
3491 397.0
3492 397.0
3493 310.0
3494 397.0
3495 397.0
3496 397.0
3497 397.0
3498 397.0
3499 397.0
3500 397.0
3501 496.0
3502 278.0
3503 496.0
3504 332.0
3505 501.0
3506 501.0
3507 310.0
3508 310.0
3509 501.0
3510 465.0
3511 332.0
3512 465.0
3513 310.0
3514 501.0
3515 310.0
3516 333.0
3517 501.0
3518 624.0
3519 624.0
3520 98.0
3521 397.0
3522 310.0
3523 501.0
3524 310.0
3525 305.0
3526 501.0
3527 305.0
3528 397.0
3529 501.0
3530 501.0
3531 501.0
3532 501.0
3533 310.0
3534 397.0
3535 501.0
3536 397.0
3537 501.0
3538 397.0
3539 397.0
3540 397.0
3541 397.0
3542 397.0
3543 397.0
3544 397.0
3545 397.0
3546 397.0
3547 397.0
3548 397.0
3549 397.0
3550 397.0
3551 496.0
3552 496.0
3553 305.0
3554 98.0
3555 501.0
3556 501.0
3557 397.0
3558 501.0
3559 501.0
3560 333.0
3561 254.0
3562 333.0
3563 332.0
3564 501.0
3565 501.0
3566 310.0
3567 501.0
3568 624.0
3569 397.0
3570 325.0
3571 397.0
3572 501.0
3573 501.0
3574 501.0
3575 501.0
3576 501.0
3577 310.0
3578 501.0
3579 397.0
3580 501.0
3581 501.0
3582 397.0
3583 397.0
3584 397.0
3585 501.0
3586 397.0
3587 397.0
3588 397.0
3589 397.0
3590 501.0
3591 310.0
3592 33.0
3593 501.0
3594 310.0
3595 501.0
3596 104.0
3597 310.0
3598 501.0
3599 33.0
3600 501.0
3601 496.0
3602 278.0
3603 332.0
3604 496.0
3605 501.0
3606 501.0
3607 310.0
3608 310.0
3609 332.0
3610 501.0
3611 310.0
3612 310.0
3613 501.0
3614 310.0
3615 501.0
3616 397.0
3617 501.0
3618 333.0
3619 397.0
3620 322.0
3621 624.0
3622 397.0
3623 536.0
3624 501.0
3625 1.0
3626 501.0
3627 310.0
3628 310.0
3629 310.0
3630 310.0
3631 501.0
3632 501.0
3633 397.0
3634 501.0
3635 306.0
3636 501.0
3637 501.0
3638 501.0
3639 397.0
3640 307.0
3641 397.0
3642 501.0
3643 501.0
3644 305.0
3645 279.0
3646 333.0
3647 501.0
3648 333.0
3649 501.0
3650 305.0
3651 496.0
3652 397.0
3653 308.0
3654 496.0
3655 382.0
3656 501.0
3657 332.0
3658 310.0
3659 465.0
3660 333.0
3661 501.0
3662 310.0
3663 310.0
3664 332.0
3665 310.0
3666 501.0
3667 333.0
3668 310.0
3669 465.0
3670 33.0
3671 624.0
3672 397.0
3673 479.0
3674 397.0
3675 310.0
3676 501.0
3677 501.0
3678 501.0
3679 310.0
3680 333.0
3681 501.0
3682 310.0
3683 501.0
3684 501.0
3685 501.0
3686 397.0
3687 501.0
3688 397.0
3689 397.0
3690 397.0
3691 397.0
3692 501.0
3693 344.0
3694 305.0
3695 310.0
3696 310.0
3697 310.0
3698 310.0
3699 397.0
3700 397.0
3701 496.0
3702 305.0
3703 382.0
3704 332.0
3705 496.0
3706 501.0
3707 310.0
3708 397.0
3709 310.0
3710 496.0
3711 501.0
3712 310.0
3713 310.0
3714 310.0
3715 501.0
3716 501.0
3717 501.0
3718 310.0
3719 397.0
3720 624.0
3721 310.0
3722 310.0
3723 431.0
3724 310.0
3725 397.0
3726 501.0
3727 501.0
3728 501.0
3729 310.0
3730 310.0
3731 501.0
3732 501.0
3733 397.0
3734 501.0
3735 501.0
3736 501.0
3737 305.0
3738 501.0
3739 307.0
3740 501.0
3741 397.0
3742 397.0
3743 501.0
3744 279.0
3745 501.0
3746 465.0
3747 333.0
3748 344.0
3749 279.0
3750 501.0
3751 496.0
3752 465.0
3753 98.0
3754 496.0
3755 332.0
3756 501.0
3757 465.0
3758 333.0
3759 310.0
3760 333.0
3761 501.0
3762 501.0
3763 501.0
3764 501.0
3765 501.0
3766 465.0
3767 465.0
3768 501.0
3769 333.0
3770 624.0
3771 310.0
3772 397.0
3773 310.0
3774 443.0
3775 501.0
3776 310.0
3777 310.0
3778 397.0
3779 501.0
3780 501.0
3781 501.0
3782 397.0
3783 332.0
3784 333.0
3785 501.0
3786 501.0
3787 397.0
3788 397.0
3789 305.0
3790 501.0
3791 501.0
3792 501.0
3793 501.0
3794 104.0
3795 279.0
3796 310.0
3797 104.0
3798 501.0
3799 465.0
3800 310.0
3801 496.0
3802 98.0
3803 305.0
3804 306.0
3805 332.0
3806 501.0
3807 310.0
3808 333.0
3809 310.0
3810 465.0
3811 501.0
3812 501.0
3813 333.0
3814 397.0
3815 333.0
3816 501.0
3817 501.0
3818 310.0
3819 501.0
3820 333.0
3821 501.0
3822 310.0
3823 624.0
3824 309.0
3825 397.0
3826 501.0
3827 465.0
3828 501.0
3829 501.0
3830 501.0
3831 397.0
3832 305.0
3833 501.0
3834 501.0
3835 465.0
3836 501.0
3837 501.0
3838 501.0
3839 397.0
3840 310.0
3841 479.0
3842 501.0
3843 501.0
3844 310.0
3845 310.0
3846 310.0
3847 465.0
3848 501.0
3849 32.0
3850 501.0
3851 496.0
3852 496.0
3853 332.0
3854 308.0
3855 501.0
3856 310.0
3857 501.0
3858 305.0
3859 310.0
3860 501.0
3861 333.0
3862 333.0
3863 333.0
3864 310.0
3865 501.0
3866 501.0
3867 333.0
3868 310.0
3869 397.0
3870 624.0
3871 310.0
3872 104.0
3873 501.0
3874 452.0
3875 501.0
3876 501.0
3877 501.0
3878 501.0
3879 501.0
3880 397.0
3881 501.0
3882 501.0
3883 501.0
3884 310.0
3885 310.0
3886 310.0
3887 501.0
3888 501.0
3889 397.0
3890 397.0
3891 397.0
3892 397.0
3893 501.0
3894 310.0
3895 397.0
3896 310.0
3897 32.0
3898 501.0
3899 310.0
3900 397.0
3901 496.0
3902 344.0
3903 496.0
3904 82.0
3905 305.0
3906 501.0
3907 310.0
3908 496.0
3909 310.0
3910 501.0
3911 501.0
3912 465.0
3913 333.0
3914 333.0
3915 501.0
3916 501.0
3917 501.0
3918 310.0
3919 397.0
3920 624.0
3921 397.0
3922 397.0
3923 310.0
3924 397.0
3925 501.0
3926 501.0
3927 333.0
3928 310.0
3929 501.0
3930 397.0
3931 501.0
3932 501.0
3933 501.0
3934 501.0
3935 501.0
3936 501.0
3937 397.0
3938 305.0
3939 501.0
3940 307.0
3941 501.0
3942 501.0
3943 501.0
3944 279.0
3945 33.0
3946 310.0
3947 310.0
3948 501.0
3949 397.0
3950 310.0
3951 496.0
3952 308.0
3953 306.0
3954 305.0
3955 501.0
3956 310.0
3957 501.0
3958 501.0
3959 501.0
3960 310.0
3961 501.0
3962 333.0
3963 501.0
3964 333.0
3965 501.0
3966 501.0
3967 333.0
3968 624.0
3969 333.0
3970 545.0
3971 397.0
3972 307.0
3973 501.0
3974 397.0
3975 305.0
3976 310.0
3977 397.0
3978 501.0
3979 333.0
3980 501.0
3981 501.0
3982 501.0
3983 501.0
3984 305.0
3985 429.0
3986 429.0
3987 501.0
3988 501.0
3989 33.0
3990 501.0
3991 501.0
3992 332.0
3993 327.0
3994 333.0
3995 310.0
3996 465.0
3997 333.0
3998 310.0
3999 332.0
4000 310.0
4001 501.0
4002 310.0
4003 333.0
4004 254.0
4005 501.0
4006 501.0
4007 624.0
4008 624.0
4009 300.0
4010 310.0
4011 310.0
4012 310.0
4013 501.0
4014 310.0
4015 332.0
4016 322.0
4017 465.0
4018 501.0
4019 501.0
4020 501.0
4021 310.0
4022 397.0
4023 310.0
4024 465.0
4025 333.0
4026 397.0
4027 310.0
4028 333.0
4029 327.0
4030 501.0
4031 397.0
4032 397.0
4033 501.0
4034 397.0
4035 397.0
4036 501.0
4037 501.0
4038 501.0
4039 279.0
4040 397.0
4041 344.0
4042 501.0
4043 496.0
4044 501.0
4045 501.0
4046 501.0
4047 465.0
4048 496.0
4049 501.0
4050 305.0
4051 624.0
4052 501.0
4053 501.0
4054 310.0
4055 397.0
4056 501.0
4057 501.0
4058 332.0
4059 327.0
4060 310.0
4061 501.0
4062 501.0
4063 310.0
4064 501.0
4065 333.0
4066 501.0
4067 397.0
4068 333.0
4069 333.0
4070 333.0
4071 501.0
4072 397.0
4073 397.0
4074 397.0
4075 397.0
4076 501.0
4077 397.0
4078 310.0
4079 501.0
4080 501.0
4081 501.0
4082 310.0
4083 305.0
4084 310.0
4085 310.0
4086 501.0
4087 333.0
4088 310.0
4089 501.0
4090 310.0
4091 310.0
4092 310.0
4093 310.0
4094 310.0
4095 310.0
4096 465.0
4097 332.0
4098 310.0
4099 310.0
4100 332.0
4101 624.0
4102 443.0
4103 536.0
4104 397.0
4105 397.0
4106 501.0
4107 254.0
4108 310.0
4109 333.0
4110 465.0
4111 501.0
4112 501.0
4113 501.0
4114 429.0
4115 397.0
4116 501.0
4117 501.0
4118 501.0
4119 501.0
4120 501.0
4121 397.0
4122 501.0
4123 397.0
4124 397.0
4125 501.0
4126 104.0
4127 501.0
4128 310.0
4129 501.0
4130 501.0
4131 310.0
4132 465.0
4133 33.0
4134 501.0
4135 501.0
4136 333.0
4137 333.0
4138 465.0
4139 332.0
4140 397.0
4141 332.0
4142 310.0
4143 310.0
4144 305.0
4145 310.0
4146 305.0
4147 397.0
4148 305.0
4149 310.0
4150 310.0
4151 624.0
4152 98.0
4153 465.0
4154 33.0
4155 397.0
4156 624.0
4157 501.0
4158 397.0
4159 33.0
4160 397.0
4161 310.0
4162 397.0
4163 501.0
4164 501.0
4165 501.0
4166 429.0
4167 429.0
4168 397.0
4169 98.0
4170 397.0
4171 307.0
4172 501.0
4173 310.0
4174 501.0
4175 501.0
4176 104.0
4177 310.0
4178 501.0
4179 310.0
4180 501.0
4181 501.0
4182 327.0
4183 501.0
4184 501.0
4185 310.0
4186 429.0
4187 501.0
4188 429.0
4189 501.0
4190 397.0
4191 397.0
4192 397.0
4193 397.0
4194 397.0
4195 397.0
4196 397.0
4197 397.0
4198 310.0
4199 310.0
4200 397.0
4201 624.0
4202 501.0
4203 501.0
4204 624.0
4205 501.0
4206 32.0
4207 501.0
4208 397.0
4209 465.0
4210 501.0
4211 310.0
4212 501.0
4213 501.0
4214 397.0
4215 429.0
4216 501.0
4217 397.0
4218 501.0
4219 310.0
4220 104.0
4221 344.0
4222 501.0
4223 501.0
4224 501.0
4225 310.0
4226 104.0
4227 310.0
4228 307.0
4229 501.0
4230 501.0
4231 310.0
4232 465.0
4233 333.0
4234 310.0
4235 397.0
4236 397.0
4237 397.0
4238 397.0
4239 465.0
4240 465.0
4241 310.0
4242 332.0
4243 332.0
4244 465.0
4245 496.0
4246 332.0
4247 33.0
4248 33.0
4249 33.0
4250 279.0
4251 624.0
4252 536.0
4253 536.0
4254 397.0
4255 536.0
4256 536.0
4257 33.0
4258 501.0
4259 310.0
4260 495.0
4261 333.0
4262 501.0
4263 501.0
4264 429.0
4265 397.0
4266 397.0
4267 501.0
4268 501.0
4269 501.0
4270 501.0
4271 310.0
4272 501.0
4273 307.0
4274 501.0
4275 322.0
4276 310.0
4277 501.0
4278 465.0
4279 501.0
4280 501.0
4281 501.0
4282 310.0
4283 465.0
4284 310.0
4285 465.0
4286 465.0
4287 98.0
4288 310.0
4289 465.0
4290 465.0
4291 496.0
4292 310.0
4293 332.0
4294 465.0
4295 332.0
4296 279.0
4297 32.0
4298 33.0
4299 33.0
4300 232.0
4301 624.0
4302 461.0
4303 536.0
4304 307.0
4305 501.0
4306 397.0
4307 501.0
4308 501.0
4309 333.0
4310 397.0
4311 501.0
4312 501.0
4313 429.0
4314 429.0
4315 310.0
4316 397.0
4317 305.0
4318 501.0
4319 501.0
4320 279.0
4321 310.0
4322 33.0
4323 33.0
4324 501.0
4325 332.0
4326 332.0
4327 310.0
4328 333.0
4329 465.0
4330 501.0
4331 310.0
4332 333.0
4333 310.0
4334 333.0
4335 501.0
4336 465.0
4337 397.0
4338 397.0
4339 465.0
4340 397.0
4341 496.0
4342 332.0
4343 465.0
4344 496.0
4345 332.0
4346 279.0
4347 33.0
4348 82.0
4349 82.0
4350 32.0
4351 624.0
4352 397.0
4353 536.0
4354 305.0
4355 33.0
4356 33.0
4357 501.0
4358 310.0
4359 465.0
4360 501.0
4361 310.0
4362 501.0
4363 397.0
4364 397.0
4365 501.0
4366 397.0
4367 501.0
4368 501.0
4369 501.0
4370 501.0
4371 310.0
4372 305.0
4373 279.0
4374 333.0
4375 501.0
4376 322.0
4377 501.0
4378 501.0
4379 501.0
4380 465.0
4381 98.0
4382 465.0
4383 465.0
4384 397.0
4385 496.0
4386 98.0
4387 98.0
4388 332.0
4389 496.0
4390 279.0
4391 332.0
4392 332.0
4393 332.0
4394 333.0
4395 332.0
4396 333.0
4397 465.0
4398 332.0
4399 332.0
4400 332.0
4401 624.0
4402 465.0
4403 333.0
4404 624.0
4405 397.0
4406 501.0
4407 501.0
4408 501.0
4409 501.0
4410 397.0
4411 501.0
4412 501.0
4413 397.0
4414 501.0
4415 501.0
4416 501.0
4417 501.0
4418 501.0
4419 33.0
4420 310.0
4421 501.0
4422 279.0
4423 310.0
4424 310.0
4425 501.0
4426 333.0
4427 332.0
4428 305.0
4429 465.0
4430 501.0
4431 321.0
4432 310.0
4433 333.0
4434 307.0
4435 501.0
4436 465.0
4437 465.0
4438 310.0
4439 397.0
4440 98.0
4441 465.0
4442 333.0
4443 333.0
4444 332.0
4445 332.0
4446 332.0
4447 33.0
4448 33.0
4449 1.0
4450 33.0
4451 624.0
4452 310.0
4453 307.0
4454 33.0
4455 397.0
4456 501.0
4457 325.0
4458 501.0
4459 501.0
4460 501.0
4461 397.0
4462 397.0
4463 501.0
4464 501.0
4465 501.0
4466 397.0
4467 397.0
4468 429.0
4469 501.0
4470 397.0
4471 501.0
4472 501.0
4473 33.0
4474 501.0
4475 310.0
4476 501.0
4477 333.0
4478 333.0
4479 465.0
4480 465.0
4481 501.0
4482 501.0
4483 333.0
4484 310.0
4485 310.0
4486 332.0
4487 465.0
4488 465.0
4489 465.0
4490 305.0
4491 465.0
4492 333.0
4493 333.0
4494 332.0
4495 322.0
4496 98.0
4497 33.0
4498 33.0
4499 0.0
4500 82.0
4501 624.0
4502 310.0
4503 465.0
4504 33.0
4505 397.0
4506 501.0
4507 501.0
4508 501.0
4509 397.0
4510 310.0
4511 501.0
4512 310.0
4513 501.0
4514 397.0
4515 305.0
4516 501.0
4517 501.0
4518 397.0
4519 397.0
4520 501.0
4521 310.0
4522 501.0
4523 310.0
4524 310.0
4525 501.0
4526 327.0
4527 310.0
4528 332.0
4529 333.0
4530 310.0
4531 501.0
4532 310.0
4533 254.0
4534 310.0
4535 310.0
4536 333.0
4537 465.0
4538 465.0
4539 310.0
4540 465.0
4541 310.0
4542 310.0
4543 333.0
4544 333.0
4545 333.0
4546 327.0
4547 82.0
4548 82.0
4549 32.0
4550 50.0
4551 624.0
4552 310.0
4553 465.0
4554 333.0
4555 461.0
4556 501.0
4557 501.0
4558 310.0
4559 501.0
4560 333.0
4561 465.0
4562 397.0
4563 501.0
4564 397.0
4565 501.0
4566 501.0
4567 305.0
4568 397.0
4569 501.0
4570 501.0
4571 310.0
4572 33.0
4573 501.0
4574 305.0
4575 501.0
4576 333.0
4577 501.0
4578 333.0
4579 333.0
4580 501.0
4581 465.0
4582 310.0
4583 333.0
4584 465.0
4585 465.0
4586 397.0
4587 465.0
4588 397.0
4589 397.0
4590 465.0
4591 333.0
4592 333.0
4593 333.0
4594 333.0
4595 333.0
4596 82.0
4597 32.0
4598 82.0
4599 32.0
4600 0.0
4601 624.0
4602 465.0
4603 397.0
4604 310.0
4605 501.0
4606 310.0
4607 501.0
4608 310.0
4609 501.0
4610 310.0
4611 332.0
4612 310.0
4613 501.0
4614 429.0
4615 397.0
4616 397.0
4617 397.0
4618 501.0
4619 501.0
4620 310.0
4621 501.0
4622 397.0
4623 333.0
4624 501.0
4625 305.0
4626 397.0
4627 310.0
4628 333.0
4629 501.0
4630 310.0
4631 501.0
4632 333.0
4633 310.0
4634 501.0
4635 465.0
4636 305.0
4637 305.0
4638 465.0
4639 465.0
4640 465.0
4641 333.0
4642 332.0
4643 333.0
4644 333.0
4645 333.0
4646 82.0
4647 50.0
4648 82.0
4649 50.0
4650 82.0
4651 624.0
4652 310.0
4653 429.0
4654 397.0
4655 305.0
4656 536.0
4657 501.0
4658 397.0
4659 501.0
4660 465.0
4661 397.0
4662 501.0
4663 397.0
4664 397.0
4665 397.0
4666 397.0
4667 397.0
4668 501.0
4669 501.0
4670 501.0
4671 32.0
4672 501.0
4673 501.0
4674 501.0
4675 332.0
4676 429.0
4677 332.0
4678 310.0
4679 501.0
4680 333.0
4681 332.0
4682 429.0
4683 310.0
4684 397.0
4685 465.0
4686 397.0
4687 465.0
4688 397.0
4689 465.0
4690 465.0
4691 333.0
4692 333.0
4693 333.0
4694 332.0
4695 333.0
4696 82.0
4697 82.0
4698 82.0
4699 50.0
4700 82.0
4701 624.0
4702 536.0
4703 104.0
4704 624.0
4705 397.0
4706 536.0
4707 501.0
4708 501.0
4709 501.0
4710 501.0
4711 501.0
4712 501.0
4713 501.0
4714 305.0
4715 429.0
4716 429.0
4717 429.0
4718 397.0
4719 501.0
4720 501.0
4721 310.0
4722 310.0
4723 501.0
4724 305.0
4725 501.0
4726 501.0
4727 465.0
4728 333.0
4729 327.0
4730 501.0
4731 310.0
4732 321.0
4733 332.0
4734 501.0
4735 465.0
4736 465.0
4737 397.0
4738 465.0
4739 465.0
4740 397.0
4741 333.0
4742 333.0
4743 333.0
4744 332.0
4745 332.0
4746 82.0
4747 82.0
4748 82.0
4749 82.0
4750 82.0
4751 624.0
4752 429.0
4753 624.0
4754 501.0
4755 325.0
4756 310.0
4757 501.0
4758 501.0
4759 397.0
4760 305.0
4761 501.0
4762 501.0
4763 501.0
4764 501.0
4765 397.0
4766 305.0
4767 429.0
4768 501.0
4769 397.0
4770 501.0
4771 501.0
4772 501.0
4773 501.0
4774 501.0
4775 501.0
4776 332.0
4777 98.0
4778 310.0
4779 332.0
4780 501.0
4781 310.0
4782 310.0
4783 501.0
4784 465.0
4785 465.0
4786 465.0
4787 310.0
4788 465.0
4789 465.0
4790 310.0
4791 333.0
4792 333.0
4793 333.0
4794 332.0
4795 82.0
4796 50.0
4797 82.0
4798 32.0
4799 82.0
4800 82.0
4801 624.0
4802 465.0
4803 333.0
4804 501.0
4805 309.0
4806 322.0
4807 501.0
4808 310.0
4809 333.0
4810 501.0
4811 501.0
4812 310.0
4813 501.0
4814 397.0
4815 397.0
4816 397.0
4817 305.0
4818 397.0
4819 501.0
4820 305.0
4821 310.0
4822 501.0
4823 501.0
4824 310.0
4825 501.0
4826 501.0
4827 333.0
4828 294.0
4829 465.0
4830 501.0
4831 333.0
4832 501.0
4833 501.0
4834 501.0
4835 310.0
4836 465.0
4837 465.0
4838 465.0
4839 397.0
4840 397.0
4841 465.0
4842 333.0
4843 322.0
4844 327.0
4845 332.0
4846 82.0
4847 82.0
4848 82.0
4849 82.0
4850 82.0
4851 624.0
4852 501.0
4853 345.0
4854 536.0
4855 332.0
4856 310.0
4857 501.0
4858 501.0
4859 501.0
4860 501.0
4861 501.0
4862 501.0
4863 501.0
4864 429.0
4865 397.0
4866 397.0
4867 397.0
4868 501.0
4869 98.0
4870 501.0
4871 501.0
4872 501.0
4873 310.0
4874 501.0
4875 501.0
4876 333.0
4877 501.0
4878 310.0
4879 501.0
4880 333.0
4881 310.0
4882 429.0
4883 310.0
4884 310.0
4885 465.0
4886 397.0
4887 397.0
4888 397.0
4889 465.0
4890 310.0
4891 333.0
4892 333.0
4893 327.0
4894 501.0
4895 82.0
4896 82.0
4897 50.0
4898 82.0
4899 82.0
4900 82.0
4901 624.0
4902 501.0
4903 33.0
4904 306.0
4905 461.0
4906 624.0
4907 501.0
4908 344.0
4909 310.0
4910 501.0
4911 397.0
4912 501.0
4913 310.0
4914 501.0
4915 501.0
4916 397.0
4917 397.0
4918 397.0
4919 501.0
4920 501.0
4921 501.0
4922 501.0
4923 397.0
4924 310.0
4925 501.0
4926 465.0
4927 333.0
4928 332.0
4929 501.0
4930 310.0
4931 501.0
4932 305.0
4933 321.0
4934 501.0
4935 310.0
4936 465.0
4937 305.0
4938 397.0
4939 465.0
4940 465.0
4941 333.0
4942 332.0
4943 333.0
4944 327.0
4945 82.0
4946 82.0
4947 32.0
4948 82.0
4949 50.0
4950 82.0
4951 624.0
4952 397.0
4953 310.0
4954 536.0
4955 332.0
4956 397.0
4957 501.0
4958 501.0
4959 310.0
4960 501.0
4961 397.0
4962 501.0
4963 501.0
4964 397.0
4965 501.0
4966 397.0
4967 397.0
4968 501.0
4969 501.0
4970 310.0
4971 310.0
4972 501.0
4973 501.0
4974 397.0
4975 501.0
4976 333.0
4977 333.0
4978 322.0
4979 465.0
4980 501.0
4981 501.0
4982 310.0
4983 310.0
4984 310.0
4985 465.0
4986 465.0
4987 465.0
4988 465.0
4989 465.0
4990 465.0
4991 397.0
4992 333.0
4993 333.0
4994 332.0
4995 332.0
4996 82.0
4997 82.0
4998 32.0
4999 32.0
5000 82.0
5001 624.0
5002 322.0
5003 322.0
5004 501.0
5005 310.0
5006 33.0
5007 501.0
5008 501.0
5009 33.0
5010 501.0
5011 333.0
5012 501.0
5013 501.0
5014 501.0
5015 501.0
5016 397.0
5017 397.0
5018 429.0
5019 501.0
5020 279.0
5021 501.0
5022 310.0
5023 310.0
5024 397.0
5025 501.0
5026 501.0
5027 465.0
5028 310.0
5029 333.0
5030 501.0
5031 501.0
5032 310.0
5033 333.0
5034 501.0
5035 465.0
5036 465.0
5037 465.0
5038 465.0
5039 465.0
5040 465.0
5041 333.0
5042 333.0
5043 333.0
5044 333.0
5045 82.0
5046 82.0
5047 82.0
5048 82.0
5049 82.0
5050 82.0
5051 624.0
5052 310.0
5053 397.0
5054 310.0
5055 397.0
5056 501.0
5057 310.0
5058 501.0
5059 501.0
5060 501.0
5061 501.0
5062 397.0
5063 397.0
5064 501.0
5065 397.0
5066 397.0
5067 501.0
5068 501.0
5069 501.0
5070 82.0
5071 397.0
5072 501.0
5073 332.0
5074 310.0
5075 452.0
5076 32.0
5077 501.0
5078 501.0
5079 429.0
5080 254.0
5081 501.0
5082 310.0
5083 310.0
5084 465.0
5085 465.0
5086 310.0
5087 465.0
5088 465.0
5089 310.0
5090 333.0
5091 322.0
5092 327.0
5093 333.0
5094 501.0
5095 305.0
5096 501.0
5097 397.0
5098 397.0
5099 104.0
5100 305.0
5101 624.0
5102 397.0
5103 397.0
5104 310.0
5105 397.0
5106 501.0
5107 322.0
5108 465.0
5109 501.0
5110 397.0
5111 501.0
5112 501.0
5113 397.0
5114 429.0
5115 397.0
5116 429.0
5117 397.0
5118 501.0
5119 310.0
5120 467.0
5121 501.0
5122 501.0
5123 501.0
5124 501.0
5125 322.0
5126 327.0
5127 310.0
5128 501.0
5129 397.0
5130 310.0
5131 344.0
5132 501.0
5133 465.0
5134 397.0
5135 310.0
5136 310.0
5137 465.0
5138 333.0
5139 333.0
5140 327.0
5141 332.0
5142 501.0
5143 333.0
5144 33.0
5145 501.0
5146 501.0
5147 501.0
5148 501.0
5149 397.0
5150 310.0
5151 624.0
5152 397.0
5153 501.0
5154 310.0
5155 397.0
5156 501.0
5157 397.0
5158 501.0
5159 397.0
5160 501.0
5161 501.0
5162 501.0
5163 397.0
5164 397.0
5165 397.0
5166 397.0
5167 501.0
5168 82.0
5169 501.0
5170 310.0
5171 310.0
5172 310.0
5173 501.0
5174 333.0
5175 305.0
5176 501.0
5177 501.0
5178 501.0
5179 333.0
5180 322.0
5181 310.0
5182 429.0
5183 465.0
5184 310.0
5185 465.0
5186 310.0
5187 305.0
5188 333.0
5189 332.0
5190 333.0
5191 332.0
5192 501.0
5193 501.0
5194 397.0
5195 104.0
5196 501.0
5197 501.0
5198 501.0
5199 397.0
5200 104.0
5201 624.0
5202 310.0
5203 429.0
5204 501.0
5205 310.0
5206 536.0
5207 501.0
5208 501.0
5209 501.0
5210 501.0
5211 397.0
5212 501.0
5213 501.0
5214 397.0
5215 397.0
5216 501.0
5217 397.0
5218 501.0
5219 310.0
5220 501.0
5221 310.0
5222 501.0
5223 333.0
5224 310.0
5225 322.0
5226 310.0
5227 501.0
5228 333.0
5229 501.0
5230 461.0
5231 332.0
5232 465.0
5233 310.0
5234 465.0
5235 310.0
5236 397.0
5237 333.0
5238 332.0
5239 333.0
5240 333.0
5241 501.0
5242 501.0
5243 397.0
5244 397.0
5245 310.0
5246 397.0
5247 501.0
5248 397.0
5249 104.0
5250 501.0
5251 624.0
5252 397.0
5253 479.0
5254 397.0
5255 325.0
5256 624.0
5257 501.0
5258 501.0
5259 501.0
5260 333.0
5261 501.0
5262 465.0
5263 501.0
5264 397.0
5265 397.0
5266 397.0
5267 397.0
5268 501.0
5269 501.0
5270 501.0
5271 501.0
5272 501.0
5273 501.0
5274 332.0
5275 344.0
5276 333.0
5277 501.0
5278 310.0
5279 254.0
5280 333.0
5281 305.0
5282 465.0
5283 310.0
5284 465.0
5285 465.0
5286 397.0
5287 333.0
5288 333.0
5289 333.0
5290 327.0
5291 501.0
5292 104.0
5293 501.0
5294 333.0
5295 501.0
5296 501.0
5297 104.0
5298 501.0
5299 501.0
5300 333.0
5301 624.0
5302 305.0
5303 536.0
5304 33.0
5305 397.0
5306 344.0
5307 501.0
5308 501.0
5309 333.0
5310 465.0
5311 501.0
5312 305.0
5313 501.0
5314 501.0
5315 429.0
5316 397.0
5317 310.0
5318 501.0
5319 310.0
5320 501.0
5321 333.0
5322 397.0
5323 465.0
5324 501.0
5325 310.0
5326 305.0
5327 310.0
5328 501.0
5329 333.0
5330 501.0
5331 310.0
5332 465.0
5333 465.0
5334 98.0
5335 465.0
5336 397.0
5337 333.0
5338 327.0
5339 333.0
5340 333.0
5341 501.0
5342 33.0
5343 501.0
5344 397.0
5345 310.0
5346 501.0
5347 465.0
5348 501.0
5349 397.0
5350 310.0
5351 624.0
5352 501.0
5353 33.0
5354 397.0
5355 322.0
5356 501.0
5357 310.0
5358 397.0
5359 465.0
5360 501.0
5361 333.0
5362 501.0
5363 501.0
5364 501.0
5365 429.0
5366 397.0
5367 397.0
5368 501.0
5369 501.0
5370 501.0
5371 397.0
5372 305.0
5373 33.0
5374 501.0
5375 310.0
5376 501.0
5377 333.0
5378 327.0
5379 501.0
5380 310.0
5381 310.0
5382 465.0
5383 429.0
5384 465.0
5385 310.0
5386 397.0
5387 397.0
5388 465.0
5389 333.0
5390 333.0
5391 333.0
5392 333.0
5393 501.0
5394 332.0
5395 397.0
5396 310.0
5397 310.0
5398 310.0
5399 104.0
5400 501.0
5401 624.0
5402 536.0
5403 624.0
5404 479.0
5405 501.0
5406 501.0
5407 397.0
5408 310.0
5409 501.0
5410 310.0
5411 501.0
5412 397.0
5413 310.0
5414 397.0
5415 307.0
5416 501.0
5417 501.0
5418 33.0
5419 279.0
5420 501.0
5421 310.0
5422 501.0
5423 501.0
5424 495.0
5425 333.0
5426 254.0
5427 501.0
5428 332.0
5429 501.0
5430 310.0
5431 310.0
5432 465.0
5433 465.0
5434 305.0
5435 397.0
5436 332.0
5437 333.0
5438 332.0
5439 332.0
5440 333.0
5441 501.0
5442 397.0
5443 397.0
5444 465.0
5445 501.0
5446 305.0
5447 501.0
5448 279.0
5449 310.0
5450 397.0
5451 624.0
5452 501.0
5453 104.0
5454 310.0
5455 307.0
5456 310.0
5457 38.0
5458 501.0
5459 333.0
5460 501.0
5461 501.0
5462 465.0
5463 501.0
5464 332.0
5465 397.0
5466 397.0
5467 397.0
5468 501.0
5469 501.0
5470 310.0
5471 501.0
5472 501.0
5473 465.0
5474 501.0
5475 327.0
5476 501.0
5477 501.0
5478 255.0
5479 333.0
5480 333.0
5481 501.0
5482 465.0
5483 310.0
5484 98.0
5485 310.0
5486 465.0
5487 333.0
5488 333.0
5489 333.0
5490 332.0
5491 501.0
5492 397.0
5493 397.0
5494 501.0
5495 501.0
5496 397.0
5497 310.0
5498 397.0
5499 465.0
5500 104.0
5501 624.0
5502 104.0
5503 310.0
5504 429.0
5505 501.0
5506 333.0
5507 501.0
5508 33.0
5509 397.0
5510 501.0
5511 501.0
5512 310.0
5513 397.0
5514 397.0
5515 429.0
5516 501.0
5517 501.0
5518 33.0
5519 501.0
5520 33.0
5521 33.0
5522 501.0
5523 310.0
5524 333.0
5525 465.0
5526 310.0
5527 310.0
5528 501.0
5529 310.0
5530 333.0
5531 501.0
5532 333.0
5533 465.0
5534 465.0
5535 465.0
5536 310.0
5537 333.0
5538 327.0
5539 333.0
5540 332.0
5541 501.0
5542 501.0
5543 501.0
5544 501.0
5545 397.0
5546 310.0
5547 279.0
5548 397.0
5549 305.0
5550 397.0
5551 624.0
5552 431.0
5553 397.0
5554 322.0
5555 104.0
5556 501.0
5557 501.0
5558 501.0
5559 501.0
5560 310.0
5561 501.0
5562 397.0
5563 397.0
5564 310.0
5565 429.0
5566 397.0
5567 501.0
5568 501.0
5569 310.0
5570 104.0
5571 501.0
5572 310.0
5573 333.0
5574 333.0
5575 332.0
5576 501.0
5577 501.0
5578 501.0
5579 333.0
5580 333.0
5581 333.0
5582 465.0
5583 310.0
5584 310.0
5585 465.0
5586 465.0
5587 98.0
5588 333.0
5589 332.0
5590 332.0
5591 333.0
5592 501.0
5593 397.0
5594 104.0
5595 501.0
5596 501.0
5597 501.0
5598 104.0
5599 104.0
5600 104.0
5601 624.0
5602 397.0
5603 310.0
5604 397.0
5605 501.0
5606 501.0
5607 501.0
5608 501.0
5609 332.0
5610 501.0
5611 501.0
5612 501.0
5613 397.0
5614 397.0
5615 429.0
5616 397.0
5617 397.0
5618 501.0
5619 501.0
5620 501.0
5621 310.0
5622 104.0
5623 501.0
5624 101.0
5625 465.0
5626 310.0
5627 310.0
5628 501.0
5629 333.0
5630 501.0
5631 333.0
5632 495.0
5633 322.0
5634 465.0
5635 397.0
5636 465.0
5637 465.0
5638 397.0
5639 333.0
5640 333.0
5641 332.0
5642 332.0
5643 501.0
5644 501.0
5645 104.0
5646 333.0
5647 501.0
5648 104.0
5649 333.0
5650 501.0
5651 624.0
5652 310.0
5653 322.0
5654 429.0
5655 536.0
5656 397.0
5657 501.0
5658 429.0
5659 501.0
5660 397.0
5661 310.0
5662 333.0
5663 501.0
5664 397.0
5665 397.0
5666 429.0
5667 397.0
5668 501.0
5669 501.0
5670 501.0
5671 501.0
5672 501.0
5673 501.0
5674 465.0
5675 333.0
5676 254.0
5677 501.0
5678 332.0
5679 310.0
5680 310.0
5681 310.0
5682 465.0
5683 465.0
5684 98.0
5685 465.0
5686 310.0
5687 332.0
5688 333.0
5689 332.0
5690 333.0
5691 332.0
5692 501.0
5693 501.0
5694 397.0
5695 501.0
5696 262.0
5697 397.0
5698 397.0
5699 501.0
5700 310.0
5701 624.0
5702 310.0
5703 397.0
5704 501.0
5705 624.0
5706 251.0
5707 501.0
5708 397.0
5709 501.0
5710 501.0
5711 501.0
5712 501.0
5713 397.0
5714 501.0
5715 305.0
5716 429.0
5717 501.0
5718 310.0
5719 33.0
5720 501.0
5721 279.0
5722 82.0
5723 501.0
5724 98.0
5725 310.0
5726 465.0
5727 465.0
5728 501.0
5729 332.0
5730 310.0
5731 333.0
5732 465.0
5733 397.0
5734 98.0
5735 98.0
5736 333.0
5737 327.0
5738 333.0
5739 333.0
5740 501.0
5741 501.0
5742 310.0
5743 310.0
5744 397.0
5745 104.0
5746 501.0
5747 501.0
5748 501.0
5749 397.0
5750 397.0
5751 624.0
5752 310.0
5753 397.0
5754 310.0
5755 310.0
5756 465.0
5757 501.0
5758 501.0
5759 501.0
5760 501.0
5761 310.0
5762 429.0
5763 501.0
5764 501.0
5765 397.0
5766 397.0
5767 429.0
5768 397.0
5769 429.0
5770 501.0
5771 310.0
5772 33.0
5773 310.0
5774 501.0
5775 333.0
5776 465.0
5777 98.0
5778 501.0
5779 501.0
5780 501.0
5781 310.0
5782 333.0
5783 333.0
5784 465.0
5785 465.0
5786 310.0
5787 333.0
5788 333.0
5789 327.0
5790 333.0
5791 501.0
5792 501.0
5793 501.0
5794 310.0
5795 310.0
5796 465.0
5797 501.0
5798 397.0
5799 465.0
5800 333.0
5801 624.0
5802 465.0
5803 536.0
5804 431.0
5805 624.0
5806 501.0
5807 344.0
5808 310.0
5809 501.0
5810 397.0
5811 501.0
5812 501.0
5813 501.0
5814 397.0
5815 501.0
5816 397.0
5817 501.0
5818 501.0
5819 305.0
5820 33.0
5821 501.0
5822 322.0
5823 310.0
5824 465.0
5825 310.0
5826 501.0
5827 501.0
5828 501.0
5829 322.0
5830 333.0
5831 465.0
5832 310.0
5833 465.0
5834 98.0
5835 465.0
5836 333.0
5837 332.0
5838 333.0
5839 332.0
5840 501.0
5841 501.0
5842 104.0
5843 397.0
5844 465.0
5845 397.0
5846 501.0
5847 104.0
5848 310.0
5849 397.0
5850 104.0
5851 624.0
5852 397.0
5853 429.0
5854 397.0
5855 104.0
5856 536.0
5857 310.0
5858 501.0
5859 501.0
5860 397.0
5861 501.0
5862 465.0
5863 501.0
5864 397.0
5865 397.0
5866 501.0
5867 501.0
5868 501.0
5869 501.0
5870 310.0
5871 501.0
5872 501.0
5873 501.0
5874 332.0
5875 332.0
5876 333.0
5877 501.0
5878 501.0
5879 310.0
5880 501.0
5881 332.0
5882 310.0
5883 465.0
5884 310.0
5885 310.0
5886 397.0
5887 333.0
5888 333.0
5889 333.0
5890 327.0
5891 501.0
5892 501.0
5893 333.0
5894 501.0
5895 305.0
5896 310.0
5897 397.0
5898 501.0
5899 397.0
5900 33.0
5901 624.0
5902 310.0
5903 465.0
5904 310.0
5905 344.0
5906 501.0
5907 310.0
5908 98.0
5909 501.0
5910 501.0
5911 465.0
5912 501.0
5913 501.0
5914 310.0
5915 496.0
5916 397.0
5917 501.0
5918 501.0
5919 310.0
5920 310.0
5921 279.0
5922 333.0
5923 501.0
5924 310.0
5925 327.0
5926 501.0
5927 310.0
5928 501.0
5929 310.0
5930 333.0
5931 333.0
5932 310.0
5933 465.0
5934 310.0
5935 98.0
5936 465.0
5937 465.0
5938 333.0
5939 333.0
5940 332.0
5941 333.0
5942 501.0
5943 104.0
5944 305.0
5945 501.0
5946 397.0
5947 501.0
5948 501.0
5949 333.0
5950 501.0
5951 624.0
5952 501.0
5953 325.0
5954 501.0
5955 461.0
5956 501.0
5957 310.0
5958 501.0
5959 307.0
5960 501.0
5961 501.0
5962 501.0
5963 397.0
5964 501.0
5965 429.0
5966 501.0
5967 501.0
5968 501.0
5969 310.0
5970 310.0
5971 333.0
5972 501.0
5973 98.0
5974 310.0
5975 501.0
5976 310.0
5977 501.0
5978 254.0
5979 310.0
5980 333.0
5981 333.0
5982 465.0
5983 397.0
5984 465.0
5985 465.0
5986 305.0
5987 333.0
5988 332.0
5989 333.0
5990 332.0
5991 501.0
5992 501.0
5993 307.0
5994 104.0
5995 501.0
5996 310.0
5997 501.0
5998 397.0
5999 501.0
6000 501.0
6001 624.0
6002 429.0
6003 397.0
6004 397.0
6005 325.0
6006 624.0
6007 501.0
6008 465.0
6009 501.0
6010 501.0
6011 305.0
6012 501.0
6013 429.0
6014 501.0
6015 501.0
6016 397.0
6017 397.0
6018 501.0
6019 501.0
6020 310.0
6021 501.0
6022 33.0
6023 501.0
6024 333.0
6025 501.0
6026 310.0
6027 501.0
6028 333.0
6029 310.0
6030 465.0
6031 501.0
6032 465.0
6033 465.0
6034 397.0
6035 397.0
6036 465.0
6037 333.0
6038 333.0
6039 332.0
6040 333.0
6041 501.0
6042 501.0
6043 465.0
6044 305.0
6045 397.0
6046 397.0
6047 397.0
6048 33.0
6049 501.0
6050 104.0
6051 624.0
6052 536.0
6053 104.0
6054 104.0
6055 397.0
6056 304.0
6057 501.0
6058 501.0
6059 307.0
6060 310.0
6061 310.0
6062 332.0
6063 501.0
6064 496.0
6065 501.0
6066 397.0
6067 397.0
6068 104.0
6069 501.0
6070 305.0
6071 501.0
6072 501.0
6073 344.0
6074 501.0
6075 332.0
6076 333.0
6077 332.0
6078 501.0
6079 501.0
6080 328.0
6081 333.0
6082 310.0
6083 465.0
6084 465.0
6085 465.0
6086 310.0
6087 465.0
6088 465.0
6089 333.0
6090 332.0
6091 327.0
6092 104.0
6093 501.0
6094 310.0
6095 333.0
6096 501.0
6097 397.0
6098 397.0
6099 501.0
6100 104.0
6101 624.0
6102 397.0
6103 397.0
6104 429.0
6105 310.0
6106 501.0
6107 501.0
6108 501.0
6109 501.0
6110 501.0
6111 501.0
6112 429.0
6113 501.0
6114 397.0
6115 397.0
6116 501.0
6117 33.0
6118 501.0
6119 397.0
6120 501.0
6121 310.0
6122 501.0
6123 501.0
6124 332.0
6125 465.0
6126 501.0
6127 501.0
6128 465.0
6129 332.0
6130 310.0
6131 104.0
6132 465.0
6133 310.0
6134 397.0
6135 465.0
6136 310.0
6137 465.0
6138 333.0
6139 333.0
6140 333.0
6141 332.0
6142 501.0
6143 501.0
6144 397.0
6145 104.0
6146 501.0
6147 310.0
6148 397.0
6149 104.0
6150 310.0
6151 624.0
6152 309.0
6153 461.0
6154 307.0
6155 431.0
6156 501.0
6157 333.0
6158 310.0
6159 397.0
6160 465.0
6161 310.0
6162 501.0
6163 397.0
6164 397.0
6165 397.0
6166 310.0
6167 397.0
6168 501.0
6169 33.0
6170 501.0
6171 310.0
6172 33.0
6173 501.0
6174 310.0
6175 496.0
6176 501.0
6177 496.0
6178 501.0
6179 429.0
6180 397.0
6181 310.0
6182 465.0
6183 465.0
6184 310.0
6185 465.0
6186 310.0
6187 333.0
6188 333.0
6189 333.0
6190 333.0
6191 501.0
6192 501.0
6193 310.0
6194 397.0
6195 397.0
6196 501.0
6197 310.0
6198 310.0
6199 397.0
6200 397.0
6201 624.0
6202 461.0
6203 536.0
6204 104.0
6205 295.0
6206 624.0
6207 501.0
6208 104.0
6209 397.0
6210 397.0
6211 501.0
6212 501.0
6213 397.0
6214 397.0
6215 429.0
6216 501.0
6217 501.0
6218 397.0
6219 104.0
6220 310.0
6221 501.0
6222 310.0
6223 501.0
6224 465.0
6225 305.0
6226 501.0
6227 501.0
6228 333.0
6229 501.0
6230 333.0
6231 465.0
6232 465.0
6233 465.0
6234 465.0
6235 397.0
6236 465.0
6237 333.0
6238 332.0
6239 333.0
6240 333.0
6241 501.0
6242 501.0
6243 104.0
6244 501.0
6245 98.0
6246 310.0
6247 501.0
6248 501.0
6249 397.0
6250 501.0
6251 624.0
6252 536.0
6253 309.0
6254 33.0
6255 397.0
6256 536.0
6257 501.0
6258 465.0
6259 501.0
6260 501.0
6261 501.0
6262 501.0
6263 397.0
6264 397.0
6265 397.0
6266 397.0
6267 397.0
6268 501.0
6269 397.0
6270 501.0
6271 397.0
6272 501.0
6273 310.0
6274 501.0
6275 104.0
6276 333.0
6277 501.0
6278 310.0
6279 310.0
6280 465.0
6281 501.0
6282 465.0
6283 397.0
6284 98.0
6285 465.0
6286 305.0
6287 310.0
6288 333.0
6289 333.0
6290 333.0
6291 327.0
6292 501.0
6293 397.0
6294 310.0
6295 501.0
6296 501.0
6297 104.0
6298 397.0
6299 104.0
6300 104.0
6301 624.0
6302 397.0
6303 309.0
6304 309.0
6305 397.0
6306 501.0
6307 501.0
6308 501.0
6309 397.0
6310 397.0
6311 501.0
6312 310.0
6313 501.0
6314 397.0
6315 397.0
6316 397.0
6317 397.0
6318 501.0
6319 305.0
6320 33.0
6321 33.0
6322 33.0
6323 310.0
6324 501.0
6325 501.0
6326 501.0
6327 310.0
6328 501.0
6329 501.0
6330 501.0
6331 310.0
6332 332.0
6333 465.0
6334 98.0
6335 465.0
6336 465.0
6337 333.0
6338 333.0
6339 333.0
6340 333.0
6341 501.0
6342 104.0
6343 501.0
6344 397.0
6345 501.0
6346 397.0
6347 501.0
6348 501.0
6349 501.0
6350 397.0
6351 624.0
6352 397.0
6353 624.0
6354 536.0
6355 536.0
6356 501.0
6357 501.0
6358 501.0
6359 465.0
6360 501.0
6361 332.0
6362 501.0
6363 397.0
6364 429.0
6365 397.0
6366 397.0
6367 501.0
6368 501.0
6369 501.0
6370 310.0
6371 305.0
6372 307.0
6373 397.0
6374 310.0
6375 501.0
6376 333.0
6377 310.0
6378 501.0
6379 310.0
6380 254.0
6381 465.0
6382 465.0
6383 465.0
6384 465.0
6385 98.0
6386 333.0
6387 333.0
6388 332.0
6389 333.0
6390 501.0
6391 397.0
6392 501.0
6393 501.0
6394 501.0
6395 501.0
6396 501.0
6397 104.0
6398 501.0
6399 104.0
6400 452.0
6401 624.0
6402 310.0
6403 501.0
6404 501.0
6405 501.0
6406 397.0
6407 624.0
6408 501.0
6409 501.0
6410 322.0
6411 397.0
6412 465.0
6413 465.0
6414 501.0
6415 305.0
6416 344.0
6417 305.0
6418 397.0
6419 501.0
6420 310.0
6421 104.0
6422 310.0
6423 279.0
6424 310.0
6425 501.0
6426 310.0
6427 495.0
6428 332.0
6429 501.0
6430 333.0
6431 333.0
6432 501.0
6433 465.0
6434 465.0
6435 397.0
6436 465.0
6437 310.0
6438 333.0
6439 333.0
6440 332.0
6441 148.0
6442 501.0
6443 501.0
6444 104.0
6445 397.0
6446 501.0
6447 310.0
6448 501.0
6449 501.0
6450 104.0
6451 624.0
6452 909.0
6453 397.0
6454 397.0
6455 624.0
6456 536.0
6457 397.0
6458 501.0
6459 501.0
6460 501.0
6461 501.0
6462 501.0
6463 501.0
6464 501.0
6465 397.0
6466 397.0
6467 429.0
6468 397.0
6469 501.0
6470 279.0
6471 501.0
6472 501.0
6473 332.0
6474 310.0
6475 310.0
6476 310.0
6477 501.0
6478 310.0
6479 465.0
6480 310.0
6481 501.0
6482 465.0
6483 465.0
6484 465.0
6485 465.0
6486 397.0
6487 333.0
6488 333.0
6489 333.0
6490 333.0
6491 501.0
6492 501.0
6493 305.0
6494 397.0
6495 104.0
6496 397.0
6497 104.0
6498 310.0
6499 310.0
6500 501.0
6501 909.0
6502 616.0
6503 33.0
6504 699.0
6505 310.0
6506 310.0
6507 262.0
6508 501.0
6509 501.0
6510 333.0
6511 501.0
6512 501.0
6513 501.0
6514 501.0
6515 501.0
6516 397.0
6517 501.0
6518 397.0
6519 501.0
6520 310.0
6521 310.0
6522 501.0
6523 501.0
6524 501.0
6525 333.0
6526 333.0
6527 327.0
6528 501.0
6529 305.0
6530 501.0
6531 501.0
6532 501.0
6533 465.0
6534 465.0
6535 465.0
6536 397.0
6537 465.0
6538 333.0
6539 333.0
6540 327.0
6541 333.0
6542 501.0
6543 310.0
6544 501.0
6545 397.0
6546 104.0
6547 104.0
6548 501.0
6549 397.0
6550 397.0
6551 909.0
6552 104.0
6553 232.0
6554 530.0
6555 310.0
6556 501.0
6557 501.0
6558 397.0
6559 306.0
6560 501.0
6561 310.0
6562 501.0
6563 501.0
6564 397.0
6565 501.0
6566 397.0
6567 501.0
6568 501.0
6569 501.0
6570 310.0
6571 501.0
6572 501.0
6573 501.0
6574 496.0
6575 501.0
6576 333.0
6577 501.0
6578 310.0
6579 465.0
6580 310.0
6581 310.0
6582 310.0
6583 465.0
6584 397.0
6585 465.0
6586 465.0
6587 465.0
6588 333.0
6589 327.0
6590 333.0
6591 333.0
6592 501.0
6593 310.0
6594 310.0
6595 501.0
6596 310.0
6597 501.0
6598 310.0
6599 104.0
6600 501.0
6601 909.0
6602 909.0
6603 909.0
6604 310.0
6605 909.0
6606 501.0
6607 501.0
6608 501.0
6609 310.0
6610 333.0
6611 501.0
6612 429.0
6613 397.0
6614 397.0
6615 397.0
6616 397.0
6617 501.0
6618 501.0
6619 310.0
6620 397.0
6621 501.0
6622 501.0
6623 310.0
6624 310.0
6625 397.0
6626 305.0
6627 501.0
6628 333.0
6629 310.0
6630 310.0
6631 465.0
6632 310.0
6633 465.0
6634 465.0
6635 397.0
6636 465.0
6637 333.0
6638 333.0
6639 332.0
6640 333.0
6641 501.0
6642 333.0
6643 501.0
6644 501.0
6645 104.0
6646 397.0
6647 397.0
6648 501.0
6649 344.0
6650 501.0
6651 909.0
6652 104.0
6653 318.0
6654 397.0
6655 397.0
6656 479.0
6657 310.0
6658 501.0
6659 310.0
6660 501.0
6661 501.0
6662 397.0
6663 501.0
6664 33.0
6665 501.0
6666 501.0
6667 104.0
6668 397.0
6669 305.0
6670 501.0
6671 310.0
6672 501.0
6673 310.0
6674 33.0
6675 501.0
6676 279.0
6677 501.0
6678 333.0
6679 501.0
6680 501.0
6681 310.0
6682 501.0
6683 465.0
6684 465.0
6685 397.0
6686 98.0
6687 465.0
6688 333.0
6689 333.0
6690 333.0
6691 332.0
6692 501.0
6693 306.0
6694 333.0
6695 310.0
6696 501.0
6697 501.0
6698 397.0
6699 104.0
6700 397.0
6701 909.0
6702 624.0
6703 261.0
6704 33.0
6705 699.0
6706 479.0
6707 501.0
6708 397.0
6709 501.0
6710 310.0
6711 333.0
6712 501.0
6713 501.0
6714 501.0
6715 397.0
6716 305.0
6717 501.0
6718 98.0
6719 33.0
6720 501.0
6721 501.0
6722 327.0
6723 310.0
6724 501.0
6725 305.0
6726 501.0
6727 310.0
6728 310.0
6729 344.0
6730 33.0
6731 501.0
6732 465.0
6733 465.0
6734 465.0
6735 465.0
6736 465.0
6737 333.0
6738 332.0
6739 501.0
6740 333.0
6741 501.0
6742 310.0
6743 501.0
6744 397.0
6745 310.0
6746 501.0
6747 397.0
6748 501.0
6749 501.0
6750 501.0
6751 909.0
6752 616.0
6753 511.0
6754 479.0
6755 699.0
6756 701.0
6757 501.0
6758 501.0
6759 397.0
6760 333.0
6761 501.0
6762 501.0
6763 397.0
6764 501.0
6765 397.0
6766 397.0
6767 429.0
6768 501.0
6769 305.0
6770 33.0
6771 501.0
6772 501.0
6773 501.0
6774 501.0
6775 501.0
6776 501.0
6777 310.0
6778 310.0
6779 501.0
6780 465.0
6781 465.0
6782 465.0
6783 310.0
6784 310.0
6785 98.0
6786 333.0
6787 333.0
6788 333.0
6789 333.0
6790 501.0
6791 501.0
6792 501.0
6793 501.0
6794 501.0
6795 501.0
6796 501.0
6797 501.0
6798 397.0
6799 501.0
6800 104.0
6801 909.0
6802 479.0
6803 310.0
6804 701.0
6805 506.0
6806 397.0
6807 909.0
6808 479.0
6809 501.0
6810 397.0
6811 501.0
6812 344.0
6813 465.0
6814 501.0
6815 310.0
6816 397.0
6817 397.0
6818 397.0
6819 501.0
6820 279.0
6821 501.0
6822 501.0
6823 332.0
6824 496.0
6825 333.0
6826 310.0
6827 501.0
6828 501.0
6829 501.0
6830 310.0
6831 501.0
6832 333.0
6833 465.0
6834 465.0
6835 465.0
6836 465.0
6837 333.0
6838 333.0
6839 333.0
6840 332.0
6841 501.0
6842 501.0
6843 501.0
6844 310.0
6845 501.0
6846 501.0
6847 501.0
6848 501.0
6849 501.0
6850 501.0
6851 909.0
6852 710.0
6853 699.0
6854 270.0
6855 710.0
6856 703.0
6857 703.0
6858 501.0
6859 501.0
6860 397.0
6861 501.0
6862 310.0
6863 501.0
6864 397.0
6865 397.0
6866 501.0
6867 397.0
6868 501.0
6869 501.0
6870 501.0
6871 501.0
6872 501.0
6873 501.0
6874 465.0
6875 332.0
6876 465.0
6877 501.0
6878 501.0
6879 333.0
6880 501.0
6881 333.0
6882 310.0
6883 465.0
6884 310.0
6885 310.0
6886 310.0
6887 310.0
6888 333.0
6889 332.0
6890 327.0
6891 333.0
6892 501.0
6893 305.0
6894 501.0
6895 501.0
6896 305.0
6897 310.0
6898 33.0
6899 397.0
6900 501.0
6901 909.0
6902 479.0
6903 33.0
6904 310.0
6905 710.0
6906 710.0
6907 506.0
6908 248.0
6909 501.0
6910 310.0
6911 501.0
6912 333.0
6913 332.0
6914 501.0
6915 397.0
6916 397.0
6917 501.0
6918 501.0
6919 501.0
6920 310.0
6921 333.0
6922 33.0
6923 333.0
6924 501.0
6925 310.0
6926 332.0
6927 305.0
6928 310.0
6929 501.0
6930 465.0
6931 333.0
6932 397.0
6933 310.0
6934 465.0
6935 98.0
6936 98.0
6937 397.0
6938 333.0
6939 333.0
6940 327.0
6941 333.0
6942 501.0
6943 310.0
6944 501.0
6945 104.0
6946 104.0
6947 104.0
6948 501.0
6949 305.0
6950 397.0
6951 909.0
6952 909.0
6953 397.0
6954 253.0
6955 310.0
6956 909.0
6957 310.0
6958 501.0
6959 501.0
6960 501.0
6961 501.0
6962 310.0
6963 501.0
6964 397.0
6965 429.0
6966 397.0
6967 429.0
6968 397.0
6969 501.0
6970 310.0
6971 104.0
6972 33.0
6973 501.0
6974 501.0
6975 310.0
6976 98.0
6977 333.0
6978 501.0
6979 501.0
6980 310.0
6981 310.0
6982 397.0
6983 501.0
6984 465.0
6985 310.0
6986 397.0
6987 465.0
6988 333.0
6989 332.0
6990 333.0
6991 98.0
6992 327.0
6993 501.0
6994 104.0
6995 104.0
6996 501.0
6997 307.0
6998 501.0
6999 104.0
7000 104.0
7001 909.0
7002 221.0
7003 709.0
7004 1139.0
7005 232.0
7006 710.0
7007 0.0
7008 251.0
7009 501.0
7010 310.0
7011 465.0
7012 501.0
7013 501.0
7014 501.0
7015 501.0
7016 397.0
7017 397.0
7018 397.0
7019 397.0
7020 429.0
7021 501.0
7022 333.0
7023 397.0
7024 501.0
7025 332.0
7026 310.0
7027 397.0
7028 501.0
7029 333.0
7030 104.0
7031 254.0
7032 501.0
7033 501.0
7034 465.0
7035 310.0
7036 305.0
7037 465.0
7038 397.0
7039 333.0
7040 327.0
7041 333.0
7042 333.0
7043 501.0
7044 310.0
7045 501.0
7046 501.0
7047 104.0
7048 310.0
7049 501.0
7050 501.0
7051 1139.0
7052 710.0
7053 1139.0
7054 979.0
7055 104.0
7056 309.0
7057 310.0
7058 501.0
7059 501.0
7060 310.0
7061 501.0
7062 310.0
7063 501.0
7064 501.0
7065 397.0
7066 397.0
7067 307.0
7068 397.0
7069 501.0
7070 501.0
7071 501.0
7072 344.0
7073 501.0
7074 501.0
7075 332.0
7076 310.0
7077 333.0
7078 501.0
7079 322.0
7080 305.0
7081 1.0
7082 465.0
7083 310.0
7084 310.0
7085 310.0
7086 465.0
7087 333.0
7088 333.0
7089 333.0
7090 327.0
7091 501.0
7092 501.0
7093 501.0
7094 104.0
7095 310.0
7096 104.0
7097 310.0
7098 310.0
7099 397.0
7100 104.0
7101 1139.0
7102 34.0
7103 701.0
7104 1016.0
7105 710.0
7106 479.0
7107 397.0
7108 909.0
7109 1139.0
7110 501.0
7111 397.0
7112 397.0
7113 501.0
7114 465.0
7115 501.0
7116 429.0
7117 397.0
7118 33.0
7119 429.0
7120 501.0
7121 310.0
7122 501.0
7123 501.0
7124 305.0
7125 279.0
7126 501.0
7127 501.0
7128 429.0
7129 333.0
7130 501.0
7131 310.0
7132 501.0
7133 465.0
7134 98.0
7135 465.0
7136 310.0
7137 397.0
7138 333.0
7139 333.0
7140 333.0
7141 327.0
7142 501.0
7143 501.0
7144 501.0
7145 104.0
7146 465.0
7147 310.0
7148 333.0
7149 32.0
7150 501.0
7151 1139.0
7152 261.0
7153 261.0
7154 261.0
7155 283.0
7156 909.0
7157 943.0
7158 761.0
7159 994.0
7160 501.0
7161 333.0
7162 501.0
7163 310.0
7164 501.0
7165 501.0
7166 397.0
7167 397.0
7168 397.0
7169 501.0
7170 501.0
7171 501.0
7172 501.0
7173 310.0
7174 501.0
7175 333.0
7176 310.0
7177 310.0
7178 321.0
7179 501.0
7180 333.0
7181 332.0
7182 333.0
7183 332.0
7184 465.0
7185 310.0
7186 465.0
7187 465.0
7188 333.0
7189 333.0
7190 333.0
7191 332.0
7192 501.0
7193 397.0
7194 33.0
7195 501.0
7196 310.0
7197 501.0
7198 501.0
7199 501.0
7200 104.0
7201 1139.0
7202 2322.0
7203 638.0
7204 1405.0
7205 940.0
7206 261.0
7207 1165.0
7208 979.0
7209 501.0
7210 501.0
7211 332.0
7212 305.0
7213 465.0
7214 501.0
7215 307.0
7216 397.0
7217 429.0
7218 397.0
7219 501.0
7220 501.0
7221 501.0
7222 501.0
7223 501.0
7224 501.0
7225 501.0
7226 465.0
7227 332.0
7228 310.0
7229 501.0
7230 333.0
7231 310.0
7232 501.0
7233 465.0
7234 310.0
7235 465.0
7236 397.0
7237 397.0
7238 333.0
7239 333.0
7240 333.0
7241 332.0
7242 501.0
7243 333.0
7244 310.0
7245 397.0
7246 305.0
7247 501.0
7248 310.0
7249 344.0
7250 501.0
7251 2322.0
7252 801.0
7253 247.0
7254 2322.0
7255 460.0
7256 397.0
7257 2322.0
7258 2322.0
7259 2322.0
7260 1405.0
7261 309.0
7262 994.0
7263 501.0
7264 397.0
7265 501.0
7266 465.0
7267 501.0
7268 429.0
7269 397.0
7270 305.0
7271 501.0
7272 104.0
7273 310.0
7274 104.0
7275 333.0
7276 501.0
7277 333.0
7278 332.0
7279 310.0
7280 501.0
7281 333.0
7282 501.0
7283 333.0
7284 465.0
7285 310.0
7286 465.0
7287 397.0
7288 333.0
7289 327.0
7290 332.0
7291 501.0
7292 501.0
7293 501.0
7294 501.0
7295 501.0
7296 397.0
7297 501.0
7298 104.0
7299 501.0
7300 104.0
7301 2322.0
7302 1150.0
7303 459.0
7304 2322.0
7305 397.0
7306 1128.0
7307 2322.0
7308 2322.0
7309 2322.0
7310 2322.0
7311 2322.0
7312 239.0
7313 2322.0
7314 459.0
7315 1150.0
7316 501.0
7317 465.0
7318 501.0
7319 310.0
7320 501.0
7321 501.0
7322 501.0
7323 397.0
7324 397.0
7325 501.0
7326 104.0
7327 310.0
7328 501.0
7329 496.0
7330 332.0
7331 310.0
7332 501.0
7333 397.0
7334 333.0
7335 310.0
7336 465.0
7337 465.0
7338 98.0
7339 465.0
7340 333.0
7341 327.0
7342 322.0
7343 501.0
7344 306.0
7345 501.0
7346 33.0
7347 310.0
7348 310.0
7349 310.0
7350 279.0
7351 2322.0
7352 460.0
7353 1150.0
7354 2322.0
7355 460.0
7356 2322.0
7357 2322.0
7358 2322.0
7359 2322.0
7360 2322.0
7361 2322.0
7362 1139.0
7363 2322.0
7364 2322.0
7365 1131.0
7366 397.0
7367 2322.0
7368 501.0
7369 501.0
7370 310.0
7371 501.0
7372 501.0
7373 397.0
7374 501.0
7375 397.0
7376 501.0
7377 33.0
7378 310.0
7379 501.0
7380 465.0
7381 429.0
7382 333.0
7383 501.0
7384 310.0
7385 310.0
7386 501.0
7387 465.0
7388 305.0
7389 465.0
7390 98.0
7391 333.0
7392 322.0
7393 333.0
7394 501.0
7395 501.0
7396 501.0
7397 495.0
7398 501.0
7399 33.0
7400 501.0
7401 2322.0
7402 2322.0
7403 1159.0
7404 2322.0
7405 459.0
7406 2322.0
7407 1165.0
7408 2322.0
7409 1245.0
7410 2322.0
7411 2322.0
7412 1189.0
7413 2322.0
7414 1245.0
7415 1210.0
7416 460.0
7417 2322.0
7418 460.0
7419 501.0
7420 501.0
7421 397.0
7422 501.0
7423 501.0
7424 501.0
7425 397.0
7426 397.0
7427 501.0
7428 501.0
7429 501.0
7430 397.0
7431 327.0
7432 254.0
7433 501.0
7434 310.0
7435 310.0
7436 332.0
7437 465.0
7438 465.0
7439 397.0
7440 333.0
7441 333.0
7442 332.0
7443 501.0
7444 430.0
7445 501.0
7446 501.0
7447 501.0
7448 305.0
7449 305.0
7450 501.0
7451 2322.0
7452 261.0
7453 2322.0
7454 1245.0
7455 397.0
7456 2322.0
7457 2322.0
7458 1154.0
7459 2322.0
7460 1150.0
7461 308.0
7462 1245.0
7463 1141.0
7464 397.0
7465 333.0
7466 2322.0
7467 501.0
7468 397.0
7469 501.0
7470 397.0
7471 501.0
7472 429.0
7473 397.0
7474 429.0
7475 501.0
7476 501.0
7477 310.0
7478 310.0
7479 501.0
7480 452.0
7481 332.0
7482 501.0
7483 501.0
7484 333.0
7485 465.0
7486 465.0
7487 465.0
7488 310.0
7489 333.0
7490 333.0
7491 333.0
7492 501.0
7493 501.0
7494 501.0
7495 306.0
7496 501.0
7497 501.0
7498 310.0
7499 501.0
7500 501.0
7501 2322.0
7502 2322.0
7503 333.0
7504 459.0
7505 1017.0
7506 2322.0
7507 2322.0
7508 1165.0
7509 460.0
7510 2322.0
7511 459.0
7512 1150.0
7513 2322.0
7514 1245.0
7515 501.0
7516 310.0
7517 501.0
7518 501.0
7519 501.0
7520 397.0
7521 310.0
7522 397.0
7523 501.0
7524 501.0
7525 305.0
7526 310.0
7527 501.0
7528 310.0
7529 465.0
7530 327.0
7531 501.0
7532 333.0
7533 501.0
7534 501.0
7535 465.0
7536 465.0
7537 310.0
7538 310.0
7539 333.0
7540 333.0
7541 333.0
7542 501.0
7543 33.0
7544 397.0
7545 501.0
7546 501.0
7547 104.0
7548 501.0
7549 104.0
7550 310.0
7551 2322.0
7552 1245.0
7553 310.0
7554 2322.0
7555 1017.0
7556 1139.0
7557 1159.0
7558 2322.0
7559 397.0
7560 2322.0
7561 2322.0
7562 2322.0
7563 2322.0
7564 2322.0
7565 698.0
7566 501.0
7567 501.0
7568 501.0
7569 501.0
7570 501.0
7571 397.0
7572 501.0
7573 397.0
7574 501.0
7575 501.0
7576 501.0
7577 310.0
7578 501.0
7579 333.0
7580 310.0
7581 305.0
7582 501.0
7583 501.0
7584 310.0
7585 333.0
7586 465.0
7587 465.0
7588 310.0
7589 465.0
7590 333.0
7591 333.0
7592 333.0
7593 501.0
7594 310.0
7595 501.0
7596 397.0
7597 397.0
7598 333.0
7599 333.0
7600 397.0
7601 2322.0
7602 239.0
7603 460.0
7604 429.0
7605 2322.0
7606 460.0
7607 1245.0
7608 397.0
7609 2322.0
7610 2322.0
7611 397.0
7612 1017.0
7613 1139.0
7614 2322.0
7615 698.0
7616 1245.0
7617 501.0
7618 501.0
7619 501.0
7620 465.0
7621 310.0
7622 501.0
7623 397.0
7624 501.0
7625 501.0
7626 501.0
7627 333.0
7628 397.0
7629 501.0
7630 501.0
7631 310.0
7632 333.0
7633 501.0
7634 501.0
7635 310.0
7636 333.0
7637 465.0
7638 465.0
7639 465.0
7640 465.0
7641 333.0
7642 333.0
7643 333.0
7644 501.0
7645 310.0
7646 501.0
7647 104.0
7648 397.0
7649 501.0
7650 501.0
