1 -400.0
2 -393.0
3 -393.0
4 -393.0
5 -393.0
6 66.0
7 -400.0
8 -393.0
9 -393.0
10 -393.0
11 -400.0
12 -393.0
13 66.0
14 -400.0
15 -400.0
16 -393.0
17 -393.0
18 -393.0
19 -400.0
20 -393.0
21 -394.0
22 -400.0
23 -393.0
24 -393.0
25 -380.0
26 -393.0
27 -393.0
28 -393.0
29 -393.0
30 -393.0
31 66.0
32 -393.0
33 -393.0
34 -393.0
35 -393.0
36 -393.0
37 -400.0
38 -393.0
39 -393.0
40 50.0
41 -393.0
42 -393.0
43 -393.0
44 -393.0
45 -393.0
46 -393.0
47 -393.0
48 -393.0
49 -393.0
50 -393.0
51 66.0
52 -393.0
53 -380.0
54 -393.0
55 -393.0
56 -393.0
57 66.0
58 -393.0
59 -380.0
60 -393.0
61 -393.0
62 -400.0
63 -393.0
64 -393.0
65 -393.0
66 -393.0
67 -393.0
68 66.0
69 -359.0
70 -393.0
71 -400.0
72 -393.0
73 66.0
74 -393.0
75 -393.0
76 -393.0
77 -393.0
78 -393.0
79 66.0
80 -400.0
81 -359.0
82 -393.0
83 -393.0
84 -393.0
85 -393.0
86 66.0
87 66.0
88 100.0
89 56.0
90 -400.0
91 66.0
92 -359.0
93 -393.0
94 -393.0
95 -393.0
96 -393.0
97 66.0
98 -393.0
99 -393.0
100 -400.0
101 100.0
102 66.0
103 -393.0
104 -359.0
105 66.0
106 -393.0
107 -380.0
108 -380.0
109 -380.0
110 -379.0
111 -380.0
112 -380.0
113 -380.0
114 -379.0
115 -393.0
116 -393.0
117 -393.0
118 -393.0
119 -393.0
120 -393.0
121 -393.0
122 -393.0
123 -393.0
124 -393.0
125 -393.0
126 -393.0
127 -393.0
128 -393.0
129 -393.0
130 -393.0
131 -393.0
132 -393.0
133 -393.0
134 -393.0
135 -393.0
136 -393.0
137 -393.0
138 -393.0
139 -400.0
140 -400.0
141 -400.0
142 -400.0
143 -400.0
144 -400.0
145 -400.0
146 -400.0
147 -400.0
148 -400.0
149 -400.0
150 -400.0
151 100.0
152 -379.0
153 -380.0
154 -359.0
155 -379.0
156 -393.0
157 -393.0
158 -393.0
159 -393.0
160 -393.0
161 -393.0
162 -393.0
163 -393.0
164 -393.0
165 -393.0
166 -393.0
167 -393.0
168 -400.0
169 -400.0
170 -400.0
171 -400.0
172 -380.0
173 -380.0
174 -379.0
175 -380.0
176 -393.0
177 -393.0
178 -393.0
179 -393.0
180 -393.0
181 -393.0
182 -393.0
183 -393.0
184 -393.0
185 -393.0
186 -393.0
187 -393.0
188 -393.0
189 -393.0
190 -393.0
191 -393.0
192 -393.0
193 -359.0
194 -393.0
195 -393.0
196 -393.0
197 -393.0
198 -393.0
199 -393.0
200 -393.0
201 -359.0
202 -359.0
203 -359.0
204 -393.0
205 -393.0
206 -393.0
207 -393.0
208 -393.0
209 -393.0
210 -393.0
211 -393.0
212 -393.0
213 -400.0
214 -400.0
215 -400.0
216 -400.0
217 -379.0
218 -379.0
219 -393.0
220 -393.0
221 -393.0
222 -393.0
223 -393.0
224 -393.0
225 -393.0
226 -393.0
227 -393.0
228 -393.0
229 -359.0
230 -393.0
231 -359.0
232 -393.0
233 -393.0
234 -393.0
235 -393.0
236 -393.0
237 -393.0
238 -393.0
239 -393.0
240 -393.0
241 -393.0
242 -393.0
243 66.0
244 -393.0
245 -393.0
246 -393.0
247 -393.0
248 -393.0
249 -393.0
250 66.0
251 -359.0
252 -359.0
253 -359.0
254 -393.0
255 -393.0
256 -393.0
257 66.0
258 -393.0
259 -393.0
260 -393.0
261 -393.0
262 -400.0
263 -400.0
264 -400.0
265 -379.0
266 -380.0
267 -380.0
268 -393.0
269 -393.0
270 -393.0
271 -393.0
272 -393.0
273 -393.0
274 -393.0
275 -393.0
276 -393.0
277 -359.0
278 -359.0
279 -393.0
280 -393.0
281 66.0
282 -393.0
283 -393.0
284 -359.0
285 -393.0
286 -393.0
287 -393.0
288 -393.0
289 -393.0
290 -393.0
291 -380.0
292 -393.0
293 -393.0
294 -393.0
295 -393.0
296 -393.0
297 -393.0
298 -393.0
299 -393.0
300 -393.0
301 -359.0
302 -359.0
303 -359.0
304 -393.0
305 -393.0
306 -393.0
307 66.0
308 -393.0
309 -393.0
310 -393.0
311 -400.0
312 -400.0
313 -400.0
314 -379.0
315 -379.0
316 -379.0
317 -393.0
318 -393.0
319 -393.0
320 -393.0
321 -393.0
322 -393.0
323 -393.0
324 -393.0
325 -393.0
326 -359.0
327 -359.0
328 -359.0
329 66.0
330 -393.0
331 -359.0
332 -359.0
333 -393.0
334 -393.0
335 -393.0
336 -393.0
337 -380.0
338 -380.0
339 -380.0
340 -393.0
341 -393.0
342 -393.0
343 -393.0
344 -393.0
345 -393.0
346 -393.0
347 -393.0
348 -393.0
349 -393.0
350 -393.0
351 -359.0
352 -359.0
353 -379.0
354 -393.0
355 -400.0
356 -393.0
357 -393.0
358 -393.0
359 -393.0
360 -393.0
361 -393.0
362 -400.0
363 -400.0
364 -400.0
365 -400.0
366 -379.0
367 -393.0
368 -379.0
369 -393.0
370 -393.0
371 -393.0
372 -393.0
373 -393.0
374 -359.0
375 -359.0
376 -359.0
377 -359.0
378 66.0
379 -359.0
380 -359.0
381 -359.0
382 -359.0
383 -393.0
384 -393.0
385 -393.0
386 -393.0
387 -380.0
388 -380.0
389 -380.0
390 -380.0
391 -393.0
392 -393.0
393 -393.0
394 -393.0
395 -393.0
396 -359.0
397 -359.0
398 -393.0
399 -359.0
400 -393.0
401 -359.0
402 -379.0
403 -379.0
404 -393.0
405 -393.0
406 -393.0
407 -393.0
408 -393.0
409 -393.0
410 -393.0
411 -393.0
412 -393.0
413 -359.0
414 -393.0
415 -393.0
416 -393.0
417 -393.0
418 -393.0
419 -359.0
420 -359.0
421 -393.0
422 -359.0
423 -359.0
424 -359.0
425 -393.0
426 -393.0
427 -393.0
428 -359.0
429 -359.0
430 -359.0
431 -379.0
432 -379.0
433 -359.0
434 -379.0
435 -393.0
436 -380.0
437 -393.0
438 -393.0
439 -393.0
440 -393.0
441 -393.0
442 -393.0
443 -393.0
444 -393.0
445 -393.0
446 -393.0
447 -393.0
448 -393.0
449 -393.0
450 -393.0
451 -359.0
452 -359.0
453 -359.0
454 -359.0
455 -393.0
456 -393.0
457 -393.0
458 -393.0
459 -359.0
460 -359.0
461 -393.0
462 -359.0
463 -393.0
464 -393.0
465 -393.0
466 -393.0
467 -359.0
468 -359.0
469 -359.0
470 -359.0
471 -393.0
472 -393.0
473 -393.0
474 -393.0
475 -359.0
476 -359.0
477 -359.0
478 -393.0
479 -393.0
480 -393.0
481 -393.0
482 -379.0
483 -380.0
484 -379.0
485 -379.0
486 -393.0
487 -393.0
488 -393.0
489 -393.0
490 -393.0
491 -393.0
492 -393.0
493 -393.0
494 -393.0
495 -393.0
496 -393.0
497 -393.0
498 -393.0
499 -393.0
500 -393.0
501 -359.0
502 -379.0
503 -379.0
504 -379.0
505 -359.0
506 -359.0
507 -393.0
508 -393.0
509 -393.0
510 -393.0
511 -393.0
512 -393.0
513 -393.0
514 -359.0
515 -359.0
516 -359.0
517 -393.0
518 -359.0
519 -359.0
520 -393.0
521 -359.0
522 -393.0
523 -359.0
524 -393.0
525 -393.0
526 -393.0
527 -359.0
528 -393.0
529 -393.0
530 -393.0
531 -393.0
532 -393.0
533 -393.0
534 -393.0
535 -393.0
536 -393.0
537 -393.0
538 -393.0
539 -393.0
540 -393.0
541 -393.0
542 -393.0
543 -393.0
544 -393.0
545 -393.0
546 -393.0
547 -393.0
548 -393.0
549 -393.0
550 -393.0
551 -359.0
552 -359.0
553 -379.0
554 -359.0
555 -393.0
556 -393.0
557 -393.0
558 -393.0
559 -393.0
560 -393.0
561 -359.0
562 -359.0
563 -393.0
564 -359.0
565 -359.0
566 -359.0
567 -359.0
568 -359.0
569 -359.0
570 -359.0
571 -393.0
572 -393.0
573 -393.0
574 -393.0
575 -393.0
576 -393.0
577 -393.0
578 -393.0
579 -393.0
580 -393.0
581 -393.0
582 -393.0
583 -393.0
584 -393.0
585 -393.0
586 -393.0
587 -393.0
588 -393.0
589 -393.0
590 -393.0
591 -393.0
592 -393.0
593 -393.0
594 -393.0
595 -393.0
596 -393.0
597 -393.0
598 -393.0
599 -393.0
600 -393.0
601 -359.0
602 -379.0
603 -379.0
604 -359.0
605 -359.0
606 -393.0
607 -393.0
608 -393.0
609 -393.0
610 -393.0
611 -359.0
612 -393.0
613 -359.0
614 -393.0
615 -359.0
616 -359.0
617 -359.0
618 -359.0
619 -393.0
620 -393.0
621 -359.0
622 -393.0
623 -359.0
624 -359.0
625 -359.0
626 -393.0
627 -393.0
628 -393.0
629 -393.0
630 -393.0
631 -359.0
632 66.0
633 -393.0
634 -393.0
635 -393.0
636 -393.0
637 -393.0
638 -393.0
639 -393.0
640 -393.0
641 -393.0
642 -393.0
643 -393.0
644 -393.0
645 -393.0
646 -393.0
647 -393.0
648 -393.0
649 -393.0
650 -393.0
651 -359.0
