1 63.0
2 -396.0
3 -396.0
4 -396.0
5 -396.0
6 -400.0
7 -396.0
8 -396.0
9 -396.0
10 -396.0
11 -396.0
12 -396.0
13 -396.0
14 -396.0
15 -400.0
16 -379.0
17 -396.0
18 -400.0
19 -379.0
20 -396.0
21 -396.0
22 -396.0
23 -400.0
24 -396.0
25 -400.0
26 63.0
27 -396.0
28 -396.0
29 -396.0
30 -396.0
31 63.0
32 -379.0
33 -379.0
34 -400.0
35 -396.0
36 63.0
37 -396.0
38 -396.0
39 63.0
40 -379.0
41 -379.0
42 63.0
43 -379.0
44 -396.0
45 63.0
46 -396.0
47 -379.0
48 -396.0
49 -379.0
50 63.0
51 63.0
52 -396.0
53 -396.0
54 63.0
55 63.0
56 63.0
57 63.0
58 63.0
59 63.0
60 63.0
61 63.0
62 63.0
63 63.0
64 63.0
65 -396.0
66 -396.0
67 -396.0
68 -396.0
69 -396.0
70 -396.0
71 -379.0
72 -396.0
73 -396.0
74 -396.0
75 -396.0
76 -396.0
77 -396.0
78 -396.0
79 -396.0
80 -396.0
81 -396.0
82 -396.0
83 -396.0
84 -396.0
85 -396.0
86 -396.0
87 -396.0
88 -396.0
89 -396.0
90 -396.0
91 63.0
92 -379.0
93 -396.0
94 -396.0
95 -379.0
96 -396.0
97 -396.0
98 -396.0
99 -379.0
100 -396.0
101 -379.0
102 -396.0
103 -396.0
104 -396.0
105 -396.0
106 -396.0
107 -396.0
108 -396.0
109 -396.0
110 -396.0
111 -396.0
112 -396.0
113 -396.0
114 -396.0
115 -396.0
116 -396.0
117 -396.0
118 -396.0
119 -396.0
120 -396.0
