1 -400.0
2 -379.0
3 -396.0
4 -396.0
5 -396.0
6 -396.0
7 63.0
8 63.0
9 63.0
10 -396.0
11 -396.0
12 -396.0
13 53.0
14 -396.0
15 -399.0
16 -400.0
17 59.0
18 -396.0
19 -400.0
20 -396.0
21 -396.0
22 -396.0
23 -396.0
24 -400.0
25 -396.0
26 -396.0
27 63.0
28 -396.0
29 -396.0
30 -396.0
31 63.0
32 63.0
33 63.0
34 63.0
35 63.0
36 63.0
37 63.0
38 -396.0
39 -396.0
40 63.0
41 -396.0
42 63.0
43 63.0
44 63.0
45 63.0
46 -396.0
47 63.0
48 63.0
49 63.0
50 63.0
51 63.0
52 63.0
53 -396.0
54 63.0
55 63.0
56 63.0
57 -379.0
58 -396.0
59 63.0
60 -396.0
61 63.0
62 -396.0
63 63.0
64 63.0
65 -396.0
66 -396.0
67 63.0
68 -400.0
69 63.0
70 -396.0
71 -396.0
72 -396.0
73 -396.0
74 -379.0
75 63.0
76 -396.0
77 -396.0
78 63.0
79 -396.0
80 -396.0
81 -396.0
82 63.0
83 -396.0
84 63.0
85 -379.0
86 -396.0
87 -379.0
88 63.0
89 63.0
90 -396.0
91 63.0
92 80.0
93 -396.0
94 63.0
95 63.0
96 -396.0
97 -396.0
98 -399.0
99 -399.0
100 -397.0
101 80.0
102 -399.0
103 -396.0
104 -396.0
105 -396.0
106 -396.0
107 -396.0
108 -396.0
109 63.0
110 -396.0
111 -396.0
112 -396.0
113 63.0
114 -399.0
115 -396.0
116 -396.0
117 -379.0
118 63.0
119 -396.0
120 63.0
121 63.0
122 -396.0
123 63.0
124 80.0
125 63.0
126 80.0
127 80.0
128 -396.0
129 -396.0
130 -396.0
131 -396.0
132 -396.0
133 -396.0
134 63.0
135 63.0
136 63.0
137 63.0
138 63.0
139 63.0
140 63.0
141 63.0
142 63.0
143 63.0
144 -396.0
145 -396.0
146 -396.0
147 -396.0
148 -396.0
149 -396.0
150 63.0
151 63.0
152 63.0
153 63.0
154 -396.0
155 -396.0
156 63.0
157 -396.0
158 -396.0
159 -396.0
160 -396.0
161 -396.0
162 -396.0
163 -396.0
164 -396.0
165 -396.0
166 -396.0
167 -396.0
168 -396.0
169 -396.0
170 -396.0
171 -396.0
172 -396.0
173 -396.0
174 -396.0
175 63.0
176 -396.0
177 -396.0
178 -396.0
179 -396.0
180 -396.0
181 -396.0
182 -396.0
183 -396.0
184 -396.0
185 -396.0
186 -396.0
187 -396.0
188 -396.0
189 -396.0
190 -396.0
191 -396.0
192 -396.0
193 -396.0
194 -396.0
195 -396.0
196 -396.0
197 -396.0
198 -396.0
199 -396.0
200 -396.0
201 -396.0
202 -396.0
203 -396.0
204 -396.0
205 -396.0
206 -396.0
207 -396.0
208 -396.0
209 -396.0
210 -396.0
