1 109.0
2 32.0
3 32.0
4 32.0
5 0.0
6 32.0
7 32.0
8 32.0
9 0.0
10 32.0
11 32.0
12 32.0
13 203.0
14 32.0
15 32.0
16 32.0
17 32.0
18 0.0
19 32.0
20 32.0
21 32.0
22 32.0
23 0.0
24 32.0
25 32.0
26 109.0
27 33.0
28 32.0
29 109.0
30 32.0
31 0.0
32 32.0
33 32.0
34 32.0
35 203.0
36 32.0
37 32.0
38 32.0
39 32.0
40 104.0
41 0.0
42 703.0
43 32.0
44 32.0
45 32.0
46 32.0
47 32.0
48 0.0
49 32.0
50 32.0
51 171.0
52 32.0
53 0.0
54 532.0
55 109.0
56 32.0
57 32.0
58 171.0
59 115.0
60 171.0
61 109.0
62 115.0
63 109.0
64 0.0
65 33.0
66 172.0
67 171.0
68 171.0
69 171.0
70 32.0
71 32.0
72 32.0
73 32.0
74 32.0
75 171.0
76 171.0
77 32.0
78 171.0
79 109.0
80 32.0
81 109.0
82 32.0
83 32.0
84 109.0
85 171.0
86 32.0
87 109.0
88 109.0
89 171.0
90 171.0
91 0.0
92 171.0
93 0.0
94 126.0
95 171.0
96 32.0
97 33.0
98 0.0
99 32.0
100 32.0
101 532.0
102 32.0
103 156.0
104 156.0
105 156.0
106 156.0
107 32.0
108 156.0
109 155.0
110 155.0
111 155.0
112 32.0
113 155.0
114 155.0
115 156.0
116 32.0
117 32.0
118 32.0
119 32.0
120 155.0
121 156.0
122 32.0
123 32.0
124 32.0
125 104.0
126 104.0
127 109.0
128 104.0
129 104.0
130 104.0
131 104.0
132 104.0
133 104.0
134 156.0
135 109.0
136 155.0
137 155.0
138 156.0
139 156.0
140 155.0
141 155.0
142 155.0
143 156.0
144 156.0
145 156.0
146 155.0
147 155.0
148 0.0
149 0.0
150 0.0
151 32.0
152 32.0
153 32.0
154 895.0
155 895.0
156 1444.0
157 38.0
158 104.0
159 32.0
160 895.0
161 32.0
162 32.0
163 1395.0
164 895.0
165 32.0
166 104.0
167 1395.0
168 98.0
169 98.0
170 1395.0
171 1395.0
172 1395.0
173 1395.0
174 1395.0
175 395.0
176 1395.0
177 1395.0
178 1395.0
179 32.0
180 2395.0
181 2395.0
182 32.0
183 2395.0
184 895.0
185 32.0
186 895.0
187 32.0
188 895.0
189 895.0
190 895.0
191 1395.0
192 895.0
193 895.0
194 895.0
195 895.0
196 895.0
197 395.0
198 895.0
199 895.0
200 895.0
201 864.0
202 33.0
203 188.0
204 188.0
205 188.0
206 188.0
207 188.0
208 188.0
209 187.0
210 32.0
211 188.0
212 109.0
213 188.0
214 188.0
215 187.0
216 188.0
217 115.0
218 188.0
219 187.0
220 188.0
221 188.0
222 188.0
223 188.0
224 32.0
225 188.0
226 188.0
227 188.0
228 188.0
229 188.0
230 188.0
231 188.0
232 187.0
233 188.0
234 187.0
235 187.0
236 188.0
237 115.0
238 115.0
239 188.0
240 188.0
241 188.0
242 188.0
243 188.0
244 115.0
245 188.0
246 188.0
247 188.0
248 188.0
249 188.0
250 188.0
251 4520.0
252 4520.0
253 4520.0
254 5019.0
255 655.0
256 155.0
257 156.0
258 155.0
259 4520.0
260 156.0
261 156.0
262 156.0
263 156.0
264 155.0
265 156.0
266 109.0
267 155.0
268 155.0
269 156.0
270 156.0
271 156.0
272 32.0
273 32.0
274 156.0
275 156.0
276 156.0
277 156.0
278 156.0
279 156.0
280 156.0
281 156.0
282 156.0
283 156.0
284 156.0
285 0.0
286 156.0
287 156.0
288 155.0
289 156.0
290 156.0
291 156.0
292 156.0
293 156.0
294 156.0
295 156.0
296 156.0
297 156.0
298 156.0
299 156.0
300 156.0
301 1267.0
302 1256.0
303 1266.0
304 1267.0
305 1267.0
306 1267.0
307 1266.0
308 267.0
309 1266.0
310 267.0
311 267.0
312 1267.0
313 1267.0
314 1266.0
315 267.0
316 267.0
317 1267.0
318 1266.0
319 1266.0
320 1266.0
321 267.0
322 267.0
323 267.0
324 1266.0
325 1266.0
326 1266.0
327 1256.0
328 267.0
329 1256.0
330 1266.0
331 267.0
332 267.0
333 267.0
334 267.0
335 267.0
336 267.0
337 267.0
338 267.0
339 267.0
340 267.0
341 267.0
342 267.0
343 267.0
344 115.0
345 267.0
346 267.0
347 267.0
348 267.0
349 267.0
350 267.0
351 331.0
352 267.0
353 267.0
354 267.0
355 331.0
356 267.0
357 267.0
358 267.0
359 267.0
360 267.0
361 267.0
362 267.0
363 267.0
364 267.0
365 267.0
366 267.0
367 331.0
368 331.0
369 104.0
370 267.0
371 1023.0
372 104.0
373 331.0
374 331.0
375 331.0
376 331.0
377 331.0
378 267.0
379 331.0
380 331.0
381 267.0
382 267.0
383 331.0
384 331.0
385 267.0
386 331.0
387 267.0
388 267.0
389 331.0
390 1023.0
391 599.0
392 599.0
393 331.0
394 331.0
395 267.0
396 267.0
397 685.0
398 1023.0
399 1023.0
400 331.0
401 2411.0
402 676.0
403 2411.0
404 171.0
405 171.0
406 171.0
407 171.0
408 171.0
409 171.0
410 171.0
411 171.0
412 171.0
413 171.0
414 171.0
415 171.0
416 171.0
417 171.0
418 171.0
419 171.0
420 171.0
421 0.0
422 171.0
423 171.0
424 171.0
425 171.0
426 171.0
427 171.0
428 171.0
429 171.0
430 171.0
431 171.0
432 171.0
433 171.0
434 171.0
435 115.0
436 171.0
437 2411.0
438 171.0
439 171.0
440 2411.0
441 2411.0
442 2411.0
443 2411.0
444 2411.0
445 2411.0
446 172.0
447 1171.0
448 1032.0
449 2411.0
450 2411.0
451 2064.0
452 2064.0
453 2064.0
454 203.0
455 1526.0
456 2064.0
457 1526.0
458 2064.0
459 1526.0
460 1526.0
461 203.0
462 1665.0
463 2064.0
464 203.0
465 703.0
466 1680.0
467 1680.0
468 1680.0
469 32.0
470 1534.0
471 604.0
472 104.0
473 2064.0
474 2064.0
475 1526.0
476 203.0
477 104.0
478 204.0
479 203.0
480 1907.0
481 703.0
482 1526.0
483 2064.0
484 203.0
485 203.0
486 1665.0
487 604.0
488 1526.0
489 1522.0
490 1526.0
491 1522.0
492 104.0
493 2064.0
494 1522.0
495 203.0
496 203.0
497 203.0
498 1907.0
499 1522.0
500 1903.0
501 688.0
502 688.0
503 688.0
504 688.0
505 188.0
506 188.0
507 688.0
508 188.0
509 187.0
510 188.0
511 740.0
512 688.0
513 188.0
514 831.0
515 831.0
516 688.0
517 688.0
518 831.0
519 688.0
520 188.0
521 831.0
522 109.0
523 831.0
524 1187.0
525 688.0
526 688.0
527 188.0
528 688.0
529 688.0
530 188.0
531 188.0
532 831.0
533 688.0
534 688.0
535 688.0
536 688.0
537 688.0
538 188.0
539 688.0
540 688.0
541 188.0
542 688.0
543 688.0
544 688.0
545 688.0
546 688.0
547 187.0
548 188.0
549 188.0
550 188.0
551 1267.0
552 1267.0
553 1267.0
554 363.0
555 767.0
556 363.0
557 363.0
558 172.0
559 767.0
560 363.0
561 363.0
562 109.0
563 1267.0
564 109.0
565 109.0
566 363.0
567 109.0
568 109.0
569 109.0
570 363.0
571 109.0
572 363.0
573 109.0
574 109.0
575 363.0
576 109.0
577 172.0
578 1267.0
579 1267.0
580 1267.0
581 1267.0
582 1267.0
583 171.0
584 171.0
585 171.0
586 171.0
587 172.0
588 1267.0
589 1267.0
590 1267.0
591 1267.0
592 1267.0
593 1267.0
594 1267.0
595 767.0
596 1267.0
597 171.0
598 1267.0
599 1267.0
600 1267.0
601 3019.0
602 1842.0
603 756.0
604 2984.0
605 756.0
606 3019.0
607 1937.0
608 1313.0
609 3019.0
610 1313.0
611 3019.0
612 1842.0
613 3010.0
614 2438.0
615 3019.0
616 3019.0
617 2506.0
618 3019.0
619 3019.0
620 2506.0
621 3019.0
622 750.0
623 3019.0
624 3019.0
625 3019.0
626 1937.0
627 3019.0
628 3019.0
629 1313.0
630 1937.0
631 3019.0
632 3019.0
633 3019.0
634 1937.0
635 3019.0
636 3019.0
637 3019.0
638 3019.0
639 3019.0
640 3019.0
641 3019.0
642 3019.0
643 3019.0
644 2506.0
645 2506.0
646 2506.0
647 1842.0
648 3019.0
649 2506.0
650 2506.0
651 688.0
652 188.0
653 688.0
654 188.0
655 688.0
656 688.0
657 188.0
658 541.0
659 687.0
660 687.0
661 1604.0
662 188.0
663 688.0
664 188.0
665 688.0
666 187.0
667 688.0
668 688.0
669 188.0
670 688.0
671 1604.0
672 688.0
673 688.0
674 688.0
675 188.0
676 188.0
677 188.0
678 188.0
679 188.0
680 688.0
681 188.0
682 188.0
683 688.0
684 688.0
685 688.0
686 188.0
687 532.0
688 688.0
689 688.0
690 688.0
691 188.0
692 688.0
693 688.0
694 688.0
695 688.0
696 188.0
697 688.0
698 688.0
699 188.0
700 188.0
701 831.0
702 98.0
703 831.0
704 776.0
705 831.0
706 781.0
707 832.0
708 98.0
709 831.0
710 831.0
711 98.0
712 831.0
713 98.0
714 832.0
715 831.0
716 776.0
717 831.0
718 98.0
719 98.0
720 98.0
721 98.0
722 98.0
723 831.0
724 781.0
725 831.0
726 831.0
727 831.0
728 800.0
729 794.0
730 831.0
731 831.0
732 831.0
733 831.0
734 831.0
735 776.0
736 831.0
737 781.0
738 781.0
739 831.0
740 831.0
741 831.0
742 831.0
743 781.0
744 831.0
745 831.0
746 831.0
747 831.0
748 831.0
749 831.0
750 831.0
751 1239.0
752 1239.0
753 767.0
754 2395.0
755 1200.0
756 1877.0
757 1242.0
758 267.0
759 1242.0
760 1242.0
761 1242.0
762 1279.0
763 1242.0
764 1279.0
765 1194.0
766 32.0
767 1242.0
768 267.0
769 1279.0
770 1279.0
771 1246.0
772 1246.0
773 267.0
774 267.0
775 1242.0
776 1242.0
777 1877.0
778 267.0
779 1187.0
780 1194.0
781 267.0
782 267.0
783 1279.0
784 267.0
785 267.0
786 267.0
787 267.0
788 1279.0
789 1279.0
790 267.0
791 267.0
792 1279.0
793 267.0
794 267.0
795 1246.0
796 1242.0
797 1242.0
798 267.0
799 1279.0
800 267.0
801 1328.0
802 316.0
803 2739.0
804 316.0
805 1191.0
806 1185.0
807 1191.0
808 1201.0
809 315.0
810 315.0
811 1496.0
812 2739.0
813 2739.0
814 2739.0
815 1316.0
816 1315.0
817 1316.0
818 316.0
819 707.0
820 2739.0
821 1316.0
822 316.0
823 2739.0
824 1172.0
825 1201.0
826 1300.0
827 702.0
828 1191.0
829 1316.0
830 1316.0
831 707.0
832 316.0
833 1316.0
834 316.0
835 1316.0
836 1305.0
837 316.0
838 316.0
839 2739.0
840 316.0
841 316.0
842 316.0
843 316.0
844 316.0
845 316.0
846 1316.0
847 316.0
848 316.0
849 1316.0
850 2739.0
851 848.0
852 104.0
853 848.0
854 156.0
855 847.0
856 808.0
857 808.0
858 155.0
859 98.0
860 848.0
861 848.0
862 847.0
863 847.0
864 156.0
865 848.0
866 156.0
867 156.0
868 848.0
869 847.0
870 848.0
871 156.0
872 156.0
873 847.0
874 847.0
875 848.0
876 848.0
877 848.0
878 847.0
879 848.0
880 847.0
881 848.0
882 847.0
883 98.0
884 808.0
885 847.0
886 847.0
887 848.0
888 847.0
889 847.0
890 848.0
891 156.0
892 156.0
893 156.0
894 848.0
895 848.0
896 156.0
897 156.0
898 848.0
899 847.0
900 156.0
901 1459.0
902 1459.0
903 1459.0
904 1459.0
905 832.0
906 751.0
907 827.0
908 1459.0
909 1459.0
910 315.0
911 1459.0
912 1459.0
913 1459.0
914 1459.0
915 1459.0
916 1459.0
917 1459.0
918 1459.0
919 1459.0
920 1459.0
921 315.0
922 959.0
923 959.0
924 1459.0
925 827.0
926 1459.0
927 832.0
928 1023.0
929 751.0
930 1459.0
931 1872.0
932 959.0
933 1459.0
934 315.0
935 1459.0
936 315.0
937 315.0
938 1459.0
939 1459.0
940 1459.0
941 1874.0
942 815.0
943 1874.0
944 1459.0
945 1879.0
946 1459.0
947 1879.0
948 1871.0
949 1459.0
950 1459.0
951 3667.0
952 1907.0
953 821.0
954 1907.0
955 1907.0
956 267.0
957 1267.0
958 1267.0
959 1347.0
960 1907.0
961 267.0
962 1907.0
963 1907.0
964 1907.0
965 1907.0
966 267.0
967 1907.0
968 1907.0
969 1767.0
970 98.0
971 1907.0
972 1907.0
973 1316.0
974 2474.0
975 32.0
976 1267.0
977 1316.0
978 267.0
979 1907.0
980 1907.0
981 1347.0
982 1907.0
983 267.0
984 1907.0
985 1267.0
986 267.0
987 1267.0
988 1267.0
989 1267.0
990 710.0
991 1267.0
992 1267.0
993 767.0
994 1267.0
995 1267.0
996 1267.0
997 710.0
998 1267.0
999 710.0
1000 767.0
1001 1689.0
1002 1358.0
1003 1728.0
1004 1353.0
1005 742.0
1006 1689.0
1007 1691.0
1008 1691.0
1009 1691.0
1010 767.0
1011 1731.0
1012 742.0
1013 767.0
1014 767.0
1015 1731.0
1016 1728.0
1017 1731.0
1018 1731.0
1019 1084.0
1020 993.0
1021 1731.0
1022 765.0
1023 767.0
1024 1689.0
1025 783.0
1026 2231.0
1027 767.0
1028 1731.0
1029 767.0
1030 742.0
1031 1731.0
1032 1728.0
1033 767.0
1034 767.0
1035 767.0
1036 767.0
1037 767.0
1038 767.0
1039 767.0
1040 1691.0
1041 767.0
1042 1731.0
1043 1299.0
1044 1548.0
1045 768.0
1046 767.0
1047 765.0
1048 1548.0
1049 1044.0
1050 1299.0
1051 768.0
1052 768.0
1053 778.0
1054 992.0
1055 992.0
1056 991.0
1057 991.0
1058 991.0
1059 768.0
1060 992.0
1061 991.0
1062 991.0
1063 991.0
1064 992.0
1065 991.0
1066 992.0
1067 991.0
1068 991.0
1069 992.0
1070 991.0
1071 1008.0
1072 98.0
1073 947.0
1074 991.0
1075 768.0
1076 991.0
1077 991.0
1078 992.0
1079 992.0
1080 992.0
1081 32.0
1082 992.0
1083 992.0
1084 311.0
1085 311.0
1086 991.0
1087 991.0
1088 492.0
1089 992.0
1090 991.0
1091 768.0
1092 926.0
1093 768.0
1094 926.0
1095 991.0
1096 953.0
1097 991.0
1098 104.0
1099 768.0
1100 33.0
1101 348.0
1102 348.0
1103 348.0
1104 798.0
1105 348.0
1106 348.0
1107 348.0
1108 348.0
1109 348.0
1110 348.0
1111 348.0
1112 348.0
1113 348.0
1114 348.0
1115 848.0
1116 348.0
1117 848.0
1118 348.0
1119 348.0
1120 348.0
1121 1348.0
1122 347.0
1123 347.0
1124 98.0
1125 848.0
1126 847.0
1127 532.0
1128 848.0
1129 1347.0
1130 521.0
1131 848.0
1132 32.0
1133 348.0
1134 348.0
1135 348.0
1136 348.0
1137 348.0
1138 848.0
1139 348.0
1140 348.0
1141 33.0
1142 348.0
1143 348.0
1144 348.0
1145 348.0
1146 348.0
1147 348.0
1148 98.0
1149 347.0
1150 848.0
1151 671.0
1152 850.0
1153 910.0
1154 171.0
1155 171.0
1156 171.0
1157 171.0
1158 850.0
1159 850.0
1160 850.0
1161 171.0
1162 263.0
1163 171.0
1164 115.0
1165 850.0
1166 339.0
1167 850.0
1168 850.0
1169 172.0
1170 172.0
1171 341.0
1172 767.0
1173 171.0
1174 341.0
1175 841.0
1176 172.0
1177 767.0
1178 171.0
1179 907.0
1180 172.0
1181 172.0
1182 171.0
1183 171.0
1184 850.0
1185 767.0
1186 171.0
1187 171.0
1188 850.0
1189 109.0
1190 172.0
1191 404.0
1192 172.0
1193 172.0
1194 109.0
1195 171.0
1196 172.0
1197 172.0
1198 171.0
1199 109.0
1200 172.0
1201 109.0
1202 109.0
1203 1109.0
1204 203.0
1205 109.0
1206 109.0
1207 2388.0
1208 1619.0
1209 203.0
1210 203.0
1211 2388.0
1212 1619.0
1213 2388.0
1214 203.0
1215 2388.0
1216 2388.0
1217 2388.0
1218 203.0
1219 1538.0
1220 203.0
1221 532.0
1222 2119.0
1223 2388.0
1224 2388.0
1225 32.0
1226 2898.0
1227 2388.0
1228 1619.0
1229 203.0
1230 203.0
1231 2898.0
1232 203.0
1233 2388.0
1234 2898.0
1235 2119.0
1236 2025.0
1237 203.0
1238 2898.0
1239 2898.0
1240 2898.0
1241 203.0
1242 2898.0
1243 2119.0
1244 4565.0
1245 203.0
1246 109.0
1247 204.0
1248 204.0
1249 204.0
1250 204.0
1251 104.0
1252 1377.0
1253 784.0
1254 1377.0
1255 1377.0
1256 1377.0
1257 1377.0
1258 1342.0
1259 1377.0
1260 1377.0
1261 784.0
1262 784.0
1263 1377.0
1264 784.0
1265 1377.0
1266 784.0
1267 784.0
1268 1364.0
1269 784.0
1270 1364.0
1271 1377.0
1272 1377.0
1273 1377.0
1274 1377.0
1275 1377.0
1276 783.0
1277 783.0
1278 109.0
1279 783.0
1280 783.0
1281 1352.0
1282 784.0
1283 784.0
1284 284.0
1285 783.0
1286 1377.0
1287 1342.0
1288 1352.0
1289 784.0
1290 784.0
1291 1363.0
1292 807.0
1293 104.0
1294 43.0
1295 783.0
1296 783.0
1297 784.0
1298 783.0
1299 104.0
1300 783.0
