1 -396.0
2 -396.0
3 -396.0
4 -396.0
5 -396.0
6 -396.0
7 -396.0
8 -379.0
9 -396.0
10 63.0
11 -396.0
12 -396.0
13 -396.0
14 63.0
15 -396.0
16 -396.0
17 -396.0
18 63.0
19 -379.0
20 -396.0
21 -396.0
22 -396.0
23 -399.0
24 -396.0
25 -399.0
26 -379.0
27 -396.0
28 -396.0
29 -396.0
30 -396.0
31 63.0
32 -396.0
33 80.0
34 -396.0
35 -396.0
36 -396.0
37 63.0
38 -396.0
39 63.0
40 -396.0
41 63.0
42 -396.0
43 -396.0
44 -396.0
45 63.0
46 63.0
47 -396.0
48 63.0
49 63.0
50 63.0
51 -396.0
52 63.0
53 63.0
54 -396.0
55 -396.0
56 -388.0
57 63.0
58 -379.0
59 63.0
60 -396.0
61 80.0
62 63.0
63 -396.0
64 -396.0
65 63.0
66 63.0
67 -396.0
68 63.0
69 63.0
70 63.0
