1 -396.0
2 -396.0
3 -396.0
4 -396.0
5 -396.0
6 -396.0
7 63.0
8 -396.0
9 63.0
10 -396.0
11 -396.0
12 -396.0
13 -396.0
14 -396.0
15 -396.0
16 63.0
17 -396.0
18 -387.0
19 -396.0
20 -396.0
21 -396.0
22 -396.0
23 -399.0
24 -396.0
25 -396.0
26 -400.0
27 -396.0
28 -396.0
29 -396.0
30 63.0
31 63.0
32 63.0
33 63.0
34 63.0
35 63.0
36 63.0
37 -396.0
38 -396.0
39 -396.0
40 63.0
41 63.0
42 63.0
43 63.0
44 63.0
45 63.0
46 63.0
47 63.0
48 63.0
49 63.0
50 63.0
51 -396.0
52 -400.0
53 63.0
54 -379.0
55 63.0
56 -396.0
57 63.0
58 -400.0
59 59.0
60 63.0
61 63.0
62 63.0
63 -396.0
64 49.0
65 63.0
66 63.0
67 63.0
68 63.0
69 63.0
70 63.0
71 63.0
72 63.0
73 63.0
74 -396.0
75 -396.0
76 -396.0
77 63.0
78 63.0
79 -396.0
80 63.0
81 -400.0
82 63.0
83 63.0
84 63.0
85 -396.0
86 -396.0
87 63.0
88 63.0
89 63.0
90 59.0
91 62.0
92 -397.0
93 62.0
94 -397.0
95 62.0
96 62.0
97 62.0
98 62.0
99 62.0
100 62.0
101 62.0
102 -397.0
103 62.0
104 -397.0
105 -397.0
106 62.0
107 62.0
108 -397.0
109 62.0
110 62.0
111 62.0
112 -397.0
113 62.0
114 -397.0
115 62.0
116 62.0
117 -397.0
118 62.0
119 62.0
120 62.0
121 62.0
122 -397.0
123 -397.0
124 -397.0
125 -397.0
126 -397.0
127 -397.0
128 -397.0
129 -397.0
130 -397.0
131 -397.0
132 -397.0
133 -397.0
134 -397.0
135 -397.0
136 -397.0
137 -397.0
138 -397.0
139 -397.0
140 -397.0
141 62.0
142 62.0
143 -397.0
144 -397.0
145 -397.0
146 -397.0
147 -397.0
148 -397.0
149 -397.0
150 62.0
151 -397.0
152 -397.0
153 -397.0
154 -397.0
155 -397.0
156 -397.0
157 -397.0
158 -397.0
159 -397.0
160 -397.0
161 -397.0
162 62.0
163 62.0
164 62.0
165 62.0
166 62.0
167 62.0
168 62.0
169 62.0
170 -397.0
171 -397.0
172 62.0
173 -397.0
174 -397.0
175 -397.0
176 -397.0
177 -397.0
178 -397.0
179 62.0
180 -397.0
181 -397.0
182 -397.0
183 -397.0
184 -397.0
185 -397.0
186 -397.0
187 -397.0
188 -397.0
189 -397.0
190 -397.0
191 -397.0
192 -397.0
193 -397.0
194 -397.0
195 -397.0
196 -397.0
197 -397.0
198 -397.0
199 -397.0
200 -397.0
201 -397.0
202 -397.0
203 -397.0
204 -397.0
205 -397.0
206 -397.0
207 -397.0
208 -397.0
209 62.0
210 -397.0
211 -397.0
212 -397.0
213 -397.0
214 -397.0
215 -397.0
216 -397.0
217 -397.0
218 -397.0
219 -397.0
220 -397.0
221 -397.0
222 -397.0
223 -397.0
224 -397.0
225 -397.0
226 62.0
227 -397.0
228 -397.0
229 62.0
230 52.0
231 62.0
232 62.0
233 -397.0
234 -397.0
235 -397.0
236 -397.0
237 -397.0
238 -397.0
239 -397.0
240 -397.0
241 -397.0
242 -397.0
243 -397.0
244 -397.0
245 -397.0
246 -397.0
247 -397.0
248 -397.0
249 -397.0
250 -397.0
251 -397.0
252 -397.0
253 -397.0
254 -397.0
255 -397.0
256 -397.0
257 -397.0
258 -397.0
259 -397.0
260 -397.0
261 -397.0
262 -397.0
263 -397.0
264 -397.0
265 -397.0
266 -400.0
267 -397.0
268 -397.0
269 -397.0
270 -397.0
271 62.0
272 -397.0
273 62.0
274 -397.0
275 62.0
276 62.0
277 -397.0
278 62.0
279 62.0
280 62.0
281 62.0
282 62.0
283 62.0
284 62.0
285 62.0
286 62.0
287 -397.0
288 62.0
289 62.0
290 62.0
291 62.0
292 62.0
293 62.0
294 -397.0
295 62.0
296 62.0
297 62.0
298 -397.0
299 62.0
300 62.0
301 -397.0
302 -397.0
303 -397.0
304 -397.0
305 -397.0
306 -397.0
307 -397.0
308 -397.0
309 -397.0
310 -397.0
311 -397.0
312 -397.0
313 -397.0
314 -397.0
315 -397.0
316 -397.0
317 -397.0
318 62.0
319 62.0
320 62.0
321 -397.0
322 -397.0
323 -397.0
324 -397.0
325 -397.0
326 -397.0
327 -397.0
328 62.0
329 -397.0
330 -397.0
331 -397.0
332 -397.0
333 -397.0
334 -397.0
335 -397.0
336 -397.0
337 -397.0
338 -397.0
339 -397.0
340 -397.0
341 -397.0
342 -397.0
343 -397.0
344 -397.0
345 -397.0
346 -397.0
347 -397.0
348 -397.0
349 -397.0
350 -397.0
351 -397.0
352 -397.0
353 -397.0
354 -397.0
355 -397.0
356 -397.0
357 -397.0
358 -397.0
359 -397.0
360 -397.0
361 62.0
362 62.0
363 62.0
364 62.0
365 -397.0
366 62.0
367 -397.0
368 62.0
369 -397.0
370 62.0
371 62.0
