1 -396.0
2 53.0
3 -396.0
4 -396.0
5 -400.0
6 -396.0
7 -396.0
8 -396.0
9 -396.0
10 -396.0
11 -396.0
12 -396.0
13 -379.0
14 -396.0
15 70.0
16 -396.0
17 -396.0
18 -400.0
19 -396.0
20 -396.0
21 -400.0
22 -396.0
23 -396.0
24 -379.0
25 -396.0
26 -396.0
27 -350.0
28 -400.0
29 -400.0
30 -397.0
31 70.0
32 -379.0
33 62.0
34 -397.0
35 -397.0
36 70.0
37 52.0
38 -397.0
39 70.0
40 -379.0
41 70.0
42 -396.0
43 -379.0
44 -379.0
45 -396.0
46 -388.0
47 -396.0
48 53.0
49 -396.0
50 -396.0
51 -379.0
52 -396.0
53 -349.0
54 -399.0
55 -399.0
56 -396.0
57 -396.0
58 -396.0
59 -396.0
60 53.0
61 70.0
62 70.0
63 53.0
64 70.0
65 70.0
66 53.0
67 70.0
68 -396.0
69 -396.0
70 -396.0
71 -396.0
72 -396.0
73 -396.0
74 -396.0
75 -396.0
76 -396.0
77 -396.0
78 -396.0
79 -396.0
80 -396.0
81 -396.0
82 -396.0
83 -396.0
84 -396.0
85 -396.0
86 -396.0
87 -396.0
88 -396.0
89 -396.0
90 -396.0
91 -396.0
92 -396.0
93 -396.0
94 -396.0
95 -396.0
96 -396.0
97 -396.0
98 -396.0
99 -396.0
100 -396.0
101 -396.0
102 -396.0
103 -396.0
104 -396.0
105 -396.0
106 -396.0
107 -396.0
108 -396.0
109 -396.0
110 -388.0
111 -396.0
112 -388.0
113 -388.0
114 -396.0
115 -396.0
116 -396.0
117 -396.0
118 -387.0
119 -396.0
120 -387.0
121 -396.0
122 53.0
123 -396.0
124 -396.0
125 -396.0
126 -396.0
127 -396.0
128 -396.0
129 -387.0
130 -387.0
131 -378.0
132 -395.0
133 -395.0
134 -395.0
135 -395.0
136 -395.0
137 -395.0
138 -395.0
139 -395.0
140 -396.0
141 -395.0
142 -395.0
143 -395.0
144 -395.0
145 -388.0
146 -388.0
147 -387.0
148 -395.0
149 -387.0
150 -387.0
151 54.0
152 -395.0
153 -395.0
154 -395.0
155 -395.0
156 -395.0
157 -395.0
158 -395.0
159 -395.0
160 -378.0
161 -387.0
162 -378.0
163 -378.0
164 -378.0
165 -395.0
166 -395.0
167 -395.0
168 -395.0
169 -395.0
170 -395.0
171 -395.0
172 -395.0
173 -395.0
174 -395.0
175 -395.0
176 -395.0
177 -395.0
178 -395.0
179 -395.0
180 -395.0
181 -395.0
182 -378.0
183 -395.0
184 -395.0
185 -395.0
186 -395.0
187 -395.0
188 -395.0
189 -395.0
190 -395.0
191 -395.0
192 -395.0
193 -386.0
194 -378.0
195 -378.0
196 -378.0
197 -395.0
198 -395.0
199 -395.0
200 -395.0
201 -395.0
202 -395.0
203 -395.0
204 -395.0
205 -395.0
206 -395.0
207 -395.0
208 -395.0
209 -395.0
210 -395.0
211 72.0
212 -377.0
213 72.0
214 -377.0
215 72.0
216 72.0
217 55.0
218 72.0
219 72.0
220 72.0
221 72.0
222 55.0
223 -377.0
224 -377.0
225 72.0
226 72.0
227 55.0
228 72.0
229 72.0
230 72.0
231 -376.0
232 73.0
233 55.0
234 73.0
235 73.0
236 73.0
237 73.0
238 73.0
239 -393.0
240 73.0
241 -376.0
242 -376.0
243 -376.0
244 -376.0
245 -376.0
246 -376.0
247 -376.0
248 -375.0
249 -375.0
250 -375.0
251 -375.0
252 -375.0
253 -375.0
254 -392.0
255 -375.0
256 -375.0
257 -375.0
258 -374.0
259 -374.0
260 -374.0
261 -374.0
262 -374.0
263 -374.0
264 -374.0
265 -374.0
266 -373.0
267 -374.0
268 75.0
269 -391.0
270 76.0
271 -373.0
272 -373.0
273 -373.0
274 -373.0
275 -373.0
276 -373.0
277 -373.0
278 -373.0
279 -372.0
280 -372.0
281 -372.0
282 -372.0
283 -372.0
284 -372.0
285 -389.0
286 -372.0
287 -372.0
288 -372.0
289 -372.0
290 -371.0
291 -371.0
292 -371.0
293 -371.0
294 -371.0
295 -371.0
296 -371.0
297 -371.0
298 -388.0
299 78.0
300 -370.0
301 78.0
302 -371.0
303 -371.0
304 -370.0
305 79.0
306 -267.0
307 -369.0
308 -369.0
309 -369.0
310 -369.0
311 -369.0
312 -369.0
313 -369.0
314 -369.0
315 -369.0
316 -369.0
317 -369.0
318 -369.0
319 -369.0
320 -369.0
321 -369.0
322 -369.0
323 -369.0
324 -369.0
325 -369.0
326 -369.0
327 -368.0
328 -368.0
329 -368.0
330 -368.0
331 -368.0
332 -368.0
333 -368.0
334 -368.0
335 -368.0
336 -368.0
337 -368.0
338 -368.0
339 -368.0
340 -368.0
341 -368.0
342 -368.0
343 -368.0
344 -368.0
345 -368.0
346 -368.0
347 -368.0
348 -368.0
349 -368.0
350 -368.0
351 -368.0
352 -367.0
353 -367.0
354 -367.0
355 -367.0
356 -367.0
357 -367.0
358 -367.0
359 -367.0
360 -384.0
361 -367.0
362 -367.0
363 -367.0
364 -367.0
365 -367.0
366 -367.0
367 -367.0
368 -367.0
369 -367.0
370 -384.0
371 -367.0
372 -367.0
373 -367.0
374 -366.0
375 -366.0
376 -366.0
377 -384.0
378 -366.0
379 -366.0
380 65.0
381 -366.0
382 -366.0
383 -366.0
384 -366.0
385 -366.0
386 -383.0
387 -383.0
388 -383.0
389 -383.0
390 -383.0
391 -366.0
392 -366.0
393 -366.0
394 -366.0
395 -366.0
396 -383.0
397 -366.0
398 -366.0
399 -366.0
400 -366.0
401 -366.0
402 -366.0
403 -366.0
404 -383.0
405 -365.0
406 -366.0
407 -365.0
408 -365.0
409 -382.0
410 -365.0
411 -365.0
