1 896.0
2 32.0
3 32.0
4 32.0
5 32.0
6 32.0
7 98.0
8 32.0
9 532.0
10 32.0
11 32.0
12 32.0
13 32.0
14 0.0
15 169.0
16 32.0
17 32.0
18 327.0
19 32.0
20 32.0
21 32.0
22 32.0
23 896.0
24 32.0
25 32.0
26 32.0
27 896.0
28 0.0
29 32.0
30 32.0
31 32.0
32 395.0
33 32.0
34 896.0
35 32.0
36 32.0
37 0.0
38 32.0
39 896.0
40 317.0
41 32.0
42 32.0
43 32.0
44 32.0
45 32.0
46 32.0
47 896.0
48 32.0
49 0.0
50 0.0
51 896.0
52 32.0
53 33.0
54 0.0
55 32.0
56 896.0
57 896.0
58 32.0
59 0.0
60 32.0
61 395.0
62 896.0
63 32.0
64 0.0
65 896.0
66 895.0
67 532.0
68 32.0
69 896.0
70 32.0
71 395.0
72 32.0
73 395.0
74 32.0
75 98.0
76 32.0
77 896.0
78 32.0
79 32.0
80 32.0
81 32.0
82 32.0
83 32.0
84 896.0
85 32.0
86 896.0
87 896.0
88 895.0
89 32.0
90 0.0
91 104.0
92 32.0
93 32.0
94 32.0
95 896.0
96 896.0
97 896.0
98 32.0
99 896.0
100 32.0
101 896.0
102 896.0
103 896.0
104 896.0
105 32.0
106 896.0
107 321.0
108 32.0
109 395.0
110 896.0
111 896.0
112 896.0
113 896.0
114 327.0
115 32.0
116 32.0
117 32.0
118 32.0
119 896.0
120 896.0
121 896.0
122 33.0
123 322.0
124 33.0
125 896.0
126 896.0
127 896.0
128 896.0
129 395.0
130 32.0
131 32.0
132 32.0
133 104.0
134 896.0
135 896.0
136 896.0
137 895.0
138 896.0
139 395.0
140 32.0
141 32.0
142 32.0
143 896.0
144 395.0
145 896.0
146 32.0
147 32.0
148 0.0
149 395.0
150 32.0
151 896.0
152 322.0
153 896.0
154 896.0
155 896.0
156 896.0
157 896.0
158 896.0
159 395.0
160 896.0
161 32.0
162 3375.0
163 896.0
164 896.0
165 1604.0
166 1604.0
167 896.0
168 896.0
169 896.0
170 896.0
171 896.0
172 1604.0
173 327.0
174 33.0
175 895.0
176 895.0
177 327.0
178 896.0
179 896.0
180 896.0
181 896.0
182 896.0
183 896.0
184 896.0
185 896.0
186 896.0
187 896.0
188 896.0
189 896.0
190 896.0
191 395.0
192 896.0
193 395.0
194 896.0
195 32.0
196 896.0
197 896.0
198 896.0
199 32.0
200 896.0
201 896.0
202 896.0
203 32.0
204 896.0
205 896.0
206 896.0
207 32.0
208 896.0
209 395.0
210 322.0
211 395.0
212 395.0
213 3375.0
214 3375.0
215 896.0
216 896.0
217 896.0
218 1604.0
219 1604.0
220 1604.0
221 32.0
222 896.0
223 3375.0
224 896.0
225 895.0
226 327.0
227 895.0
228 895.0
229 896.0
230 896.0
231 896.0
232 396.0
233 396.0
234 896.0
235 896.0
236 896.0
237 896.0
238 896.0
239 896.0
240 896.0
241 896.0
242 395.0
243 896.0
244 896.0
245 327.0
246 33.0
247 33.0
248 327.0
249 33.0
250 895.0
