1 -396.0
2 -396.0
3 -396.0
4 53.0
5 -389.0
6 -396.0
7 -396.0
8 -379.0
9 -396.0
10 -379.0
11 -396.0
12 -396.0
13 -379.0
14 -396.0
15 -379.0
16 -396.0
17 -396.0
18 -396.0
19 -396.0
20 -396.0
21 -396.0
22 -396.0
23 -396.0
24 -396.0
25 -396.0
26 -396.0
27 63.0
28 -396.0
29 -396.0
30 -396.0
31 63.0
32 53.0
33 -396.0
34 -396.0
35 -379.0
36 -379.0
37 53.0
38 -396.0
39 80.0
40 -396.0
41 -379.0
42 63.0
43 -396.0
44 -396.0
45 -396.0
46 -399.0
47 -396.0
48 -396.0
49 63.0
50 -378.0
51 -379.0
52 -396.0
53 63.0
54 81.0
55 53.0
56 -396.0
57 -396.0
58 -378.0
59 -396.0
60 -399.0
61 81.0
62 63.0
63 81.0
64 63.0
65 63.0
66 81.0
67 81.0
68 -395.0
69 64.0
70 64.0
71 64.0
72 -395.0
73 -395.0
74 -395.0
75 -395.0
76 -395.0
77 -395.0
78 -395.0
79 -395.0
80 -395.0
81 -395.0
82 -395.0
83 -395.0
84 -395.0
85 -395.0
86 -395.0
87 -395.0
88 -395.0
89 -395.0
90 -395.0
91 81.0
92 -395.0
93 81.0
94 -395.0
95 81.0
96 -395.0
97 -395.0
98 -395.0
99 -395.0
100 -395.0
101 -395.0
102 -395.0
103 -395.0
104 -395.0
105 -395.0
106 -395.0
107 -395.0
108 -395.0
109 54.0
110 64.0
111 -395.0
112 -395.0
113 -395.0
114 -395.0
115 -395.0
116 -395.0
117 -395.0
118 -395.0
119 -378.0
120 -395.0
121 81.0
122 80.0
123 81.0
124 81.0
125 -395.0
126 -395.0
127 -395.0
128 -395.0
129 -395.0
130 -395.0
131 -395.0
132 64.0
133 64.0
134 64.0
135 64.0
136 -378.0
137 -378.0
138 -378.0
139 -378.0
140 -378.0
141 -378.0
