1 -396.0
2 63.0
3 -396.0
4 -396.0
5 -396.0
6 -396.0
7 -388.0
8 -399.0
9 -396.0
10 -396.0
11 -396.0
12 -396.0
13 -396.0
14 -396.0
15 -396.0
16 -396.0
17 -396.0
18 -396.0
19 -400.0
20 -396.0
21 -396.0
22 -396.0
23 -396.0
24 -396.0
25 -396.0
26 -396.0
27 63.0
28 63.0
29 -396.0
30 -396.0
31 63.0
32 -400.0
33 -397.0
34 -396.0
35 63.0
36 63.0
37 -400.0
38 63.0
39 -396.0
40 63.0
41 63.0
42 63.0
43 -397.0
44 -396.0
45 63.0
46 -389.0
47 -400.0
48 63.0
49 -400.0
50 -396.0
51 -396.0
52 -388.0
53 -396.0
54 -396.0
55 -396.0
56 -397.0
57 -396.0
58 -396.0
59 -396.0
60 63.0
61 63.0
62 63.0
63 -396.0
64 63.0
65 63.0
66 63.0
67 -396.0
68 -400.0
69 -400.0
70 -400.0
71 -400.0
72 -400.0
73 -400.0
74 -400.0
75 -400.0
76 -400.0
77 -400.0
78 -400.0
79 -397.0
80 -398.0
81 -400.0
82 -400.0
83 -398.0
84 62.0
85 -398.0
86 -397.0
87 -397.0
88 -400.0
89 -398.0
90 -398.0
91 -397.0
92 -400.0
93 -400.0
94 -389.0
95 -400.0
96 -400.0
97 -397.0
98 -400.0
99 -400.0
100 -397.0
101 -397.0
102 -398.0
103 -398.0
104 -398.0
105 -397.0
106 -397.0
107 -397.0
108 -397.0
109 -398.0
110 -397.0
111 -397.0
112 -397.0
113 -397.0
114 62.0
115 62.0
116 -397.0
117 -397.0
118 -397.0
119 -397.0
120 -397.0
121 62.0
122 -389.0
123 -389.0
124 -397.0
125 -400.0
126 -397.0
127 -389.0
128 -397.0
129 -397.0
130 -397.0
131 -398.0
132 -397.0
133 62.0
134 -397.0
135 -397.0
136 62.0
137 62.0
138 62.0
139 62.0
140 62.0
141 -398.0
142 62.0
143 -398.0
144 -398.0
145 -397.0
146 62.0
147 -398.0
148 -397.0
149 -398.0
150 -398.0
151 -389.0
152 -380.0
153 -389.0
154 -389.0
155 -388.0
156 -388.0
157 -400.0
158 -389.0
159 -389.0
160 63.0
161 -397.0
162 -396.0
163 -396.0
164 63.0
165 63.0
166 63.0
167 63.0
168 -397.0
169 63.0
170 63.0
171 -397.0
172 63.0
173 63.0
174 -397.0
175 -397.0
176 -397.0
177 63.0
178 -397.0
179 -397.0
180 -400.0
181 -389.0
182 -397.0
183 -379.0
184 -388.0
185 -388.0
186 -388.0
187 -388.0
188 -399.0
189 -388.0
190 -388.0
191 -396.0
