1 -379.0
2 -396.0
3 -396.0
4 63.0
5 -396.0
6 -396.0
7 -396.0
8 -396.0
9 63.0
10 -396.0
11 -396.0
12 -396.0
13 -396.0
14 -396.0
15 -396.0
16 -396.0
17 -396.0
18 -396.0
19 -396.0
20 -396.0
21 -396.0
22 -396.0
23 -396.0
24 -396.0
25 -396.0
26 -396.0
27 -396.0
28 53.0
29 -388.0
30 -396.0
31 63.0
32 53.0
33 -396.0
34 63.0
35 63.0
36 -396.0
37 -379.0
38 63.0
39 -396.0
40 63.0
41 -396.0
42 -396.0
43 -396.0
44 63.0
45 53.0
46 -396.0
47 -379.0
48 63.0
49 -396.0
50 -396.0
51 63.0
52 -396.0
53 63.0
54 63.0
55 -388.0
56 63.0
57 -396.0
58 -396.0
59 53.0
60 -396.0
61 63.0
62 -396.0
63 63.0
64 63.0
65 63.0
66 -396.0
67 -396.0
68 63.0
69 63.0
70 -396.0
71 -396.0
72 -396.0
73 -396.0
74 -396.0
75 -396.0
76 -396.0
77 -396.0
78 -396.0
79 -396.0
80 -396.0
81 -396.0
82 -396.0
83 -396.0
84 -396.0
85 -396.0
86 -396.0
87 -396.0
88 -396.0
89 -396.0
90 -396.0
91 63.0
92 63.0
93 63.0
94 -396.0
95 63.0
96 -396.0
97 -396.0
98 -396.0
99 -396.0
100 -396.0
101 -396.0
102 -396.0
103 -396.0
104 -396.0
105 -396.0
106 -396.0
107 -396.0
108 -396.0
109 -396.0
110 -396.0
111 -396.0
112 -396.0
113 -396.0
114 -396.0
115 -396.0
116 -396.0
117 -396.0
118 -396.0
119 -396.0
120 -396.0
121 -396.0
122 -396.0
123 -396.0
124 -396.0
125 -396.0
126 -396.0
127 -396.0
128 -396.0
129 -396.0
130 63.0
131 -396.0
132 -396.0
133 63.0
134 -396.0
135 -396.0
136 63.0
137 -396.0
138 -396.0
139 -396.0
140 -396.0
141 -396.0
142 -396.0
143 -396.0
144 -396.0
145 -396.0
146 -396.0
147 -396.0
148 -396.0
149 -396.0
150 -396.0
151 -396.0
152 -396.0
153 -396.0
154 -396.0
155 -396.0
156 -396.0
157 63.0
158 -396.0
159 63.0
160 63.0
161 63.0
162 63.0
163 63.0
164 63.0
165 63.0
166 -396.0
167 -396.0
168 -396.0
169 -396.0
170 -396.0
171 -396.0
172 -396.0
173 -396.0
174 -396.0
175 -396.0
176 -396.0
177 -396.0
178 -396.0
179 -396.0
180 -396.0
