1 -396.0
2 -396.0
3 -396.0
4 -396.0
5 -396.0
6 -396.0
7 -396.0
8 63.0
9 -396.0
10 -396.0
11 -396.0
12 -396.0
13 70.0
14 -400.0
15 53.0
16 63.0
17 -396.0
18 -379.0
19 -396.0
20 -396.0
21 53.0
22 -396.0
23 -396.0
24 -400.0
25 -388.0
26 -396.0
27 -396.0
28 -396.0
29 -396.0
30 -396.0
31 70.0
32 53.0
33 -396.0
34 63.0
35 -396.0
36 -396.0
37 -379.0
38 53.0
39 -396.0
40 70.0
41 -396.0
42 70.0
43 -379.0
44 -399.0
45 -396.0
46 63.0
47 -396.0
48 -379.0
49 53.0
50 -396.0
51 -396.0
52 -396.0
53 -396.0
54 -275.0
55 -395.0
56 71.0
57 -395.0
58 71.0
59 -398.0
60 64.0
61 71.0
62 -187.0
63 -395.0
64 -378.0
65 71.0
66 54.0
67 71.0
68 -378.0
69 71.0
70 -275.0
71 71.0
72 63.0
73 -388.0
74 71.0
75 71.0
76 -378.0
77 -378.0
78 -378.0
79 -398.0
80 -378.0
81 -378.0
82 -378.0
83 -378.0
84 -378.0
85 -378.0
86 -378.0
87 -378.0
88 -378.0
89 -395.0
90 -378.0
91 71.0
92 -378.0
93 -378.0
94 -378.0
95 -378.0
96 -378.0
97 -395.0
98 -387.0
99 -395.0
100 -395.0
101 -387.0
102 -378.0
103 -378.0
104 -378.0
105 -378.0
106 -378.0
107 -378.0
108 -378.0
109 -378.0
110 -378.0
111 -378.0
112 -395.0
113 -395.0
114 -395.0
115 -395.0
116 -395.0
117 -395.0
118 -398.0
119 -398.0
120 -395.0
121 -378.0
122 -378.0
123 -395.0
124 -377.0
125 -387.0
126 -387.0
127 -387.0
128 -387.0
129 -377.0
130 -377.0
131 -377.0
132 -377.0
133 -377.0
134 -377.0
135 -377.0
136 -377.0
137 -394.0
138 -394.0
139 -394.0
140 -377.0
141 -377.0
142 -377.0
143 -377.0
144 -377.0
145 -397.0
146 -397.0
147 -398.0
148 -398.0
149 -398.0
150 -398.0
151 -377.0
152 -377.0
153 -394.0
154 -377.0
155 -386.0
156 -386.0
157 -394.0
158 -394.0
159 -377.0
160 -377.0
161 -377.0
162 -377.0
163 -376.0
164 -376.0
165 -376.0
166 -376.0
167 -376.0
168 -376.0
169 -397.0
170 -394.0
171 -377.0
172 -377.0
173 -377.0
174 -377.0
175 -397.0
176 -397.0
177 -397.0
178 -397.0
179 -377.0
180 -394.0
181 -377.0
182 -386.0
183 -377.0
184 -376.0
185 -377.0
186 -377.0
187 -397.0
188 -376.0
189 -394.0
190 -376.0
191 -386.0
192 -393.0
193 -393.0
194 -376.0
195 -376.0
196 -376.0
197 -376.0
198 -376.0
199 -376.0
200 -376.0
201 -396.0
202 -393.0
203 -376.0
204 -376.0
205 -376.0
206 -397.0
207 -397.0
208 -397.0
209 -376.0
210 -394.0
211 73.0
212 73.0
213 73.0
214 -272.0
215 -272.0
216 75.0
217 75.0
218 -272.0
219 -271.0
220 -374.0
221 75.0
222 75.0
223 75.0
224 75.0
225 75.0
226 -374.0
227 -272.0
228 75.0
229 -272.0
230 -273.0
231 73.0
232 -235.0
233 -375.0
234 73.0
235 73.0
236 73.0
237 73.0
238 -393.0
239 74.0
240 -393.0
241 -273.0
242 -274.0
243 -273.0
244 -272.0
245 -271.0
246 -270.0
247 -269.0
248 -268.0
249 -371.0
250 -371.0
251 -371.0
252 -371.0
253 -370.0
254 -370.0
255 -266.0
256 -369.0
257 -266.0
258 -266.0
