1 -396.0
2 63.0
3 -396.0
4 -396.0
5 -396.0
6 -396.0
7 -396.0
8 63.0
9 -396.0
10 -396.0
11 -396.0
12 -396.0
13 -396.0
14 -396.0
15 -396.0
16 -379.0
17 -396.0
18 -396.0
19 50.0
20 -396.0
21 63.0
22 -396.0
23 53.0
24 63.0
25 -396.0
26 -396.0
27 63.0
28 -396.0
29 -396.0
30 -396.0
31 63.0
32 63.0
33 -396.0
34 -396.0
35 63.0
36 -396.0
37 63.0
38 -396.0
39 63.0
40 -396.0
41 80.0
42 63.0
43 -399.0
44 63.0
45 63.0
46 -396.0
47 63.0
48 75.0
49 -396.0
50 63.0
51 80.0
52 63.0
53 -396.0
54 -396.0
55 63.0
56 63.0
57 63.0
58 -396.0
59 63.0
60 -396.0
61 80.0
62 -379.0
63 -387.0
64 63.0
65 -399.0
66 -399.0
67 -399.0
68 -396.0
69 -399.0
70 -399.0
71 -399.0
72 -399.0
73 -399.0
74 -399.0
75 -400.0
76 -396.0
77 -400.0
78 -396.0
79 -400.0
80 -396.0
81 -396.0
82 -396.0
83 -396.0
84 -396.0
85 -396.0
86 -396.0
87 -396.0
88 -396.0
89 -396.0
90 -396.0
91 80.0
92 80.0
93 -396.0
94 -396.0
95 -396.0
96 -396.0
97 -396.0
98 -396.0
99 -396.0
100 -396.0
101 -399.0
102 -396.0
103 -400.0
104 -400.0
105 -400.0
106 -400.0
107 -400.0
108 -400.0
109 -400.0
110 -397.0
111 -400.0
112 -400.0
113 -397.0
114 -397.0
115 -397.0
116 -397.0
117 -397.0
118 -397.0
119 -397.0
120 -397.0
121 -397.0
122 -400.0
123 -397.0
124 -397.0
125 -397.0
126 -397.0
127 -397.0
128 -400.0
129 -400.0
130 -400.0
131 -400.0
132 -400.0
133 -400.0
134 -397.0
135 -400.0
136 -397.0
137 -397.0
138 -397.0
139 -400.0
140 -401.0
141 -401.0
142 -401.0
143 -401.0
144 -401.0
145 -398.0
146 -398.0
147 -398.0
148 -398.0
149 -398.0
150 -398.0
151 -398.0
152 -398.0
153 -398.0
154 -398.0
155 -398.0
