1 -396.0
2 -400.0
3 -396.0
4 -389.0
5 63.0
6 -396.0
7 -396.0
8 -396.0
9 -396.0
10 63.0
11 -396.0
12 63.0
13 -396.0
14 -396.0
15 -396.0
16 -400.0
17 -396.0
18 -396.0
19 -396.0
20 -396.0
21 63.0
22 63.0
23 -396.0
24 -396.0
25 -396.0
26 -396.0
27 -396.0
28 -400.0
29 -396.0
30 -396.0
31 63.0
32 63.0
33 63.0
34 -396.0
35 63.0
36 63.0
37 63.0
38 63.0
39 77.0
40 80.0
41 63.0
42 63.0
43 63.0
44 63.0
45 63.0
46 -396.0
47 -396.0
48 63.0
49 -379.0
50 63.0
51 -400.0
52 63.0
53 -396.0
54 -396.0
55 -396.0
56 -400.0
57 63.0
58 -400.0
59 -400.0
60 63.0
61 80.0
62 63.0
63 63.0
64 63.0
65 63.0
66 -396.0
67 -396.0
68 -396.0
69 -396.0
70 -396.0
71 -396.0
72 -396.0
73 -396.0
74 -396.0
75 -396.0
76 -396.0
77 -396.0
78 -396.0
79 -396.0
80 -396.0
81 -396.0
82 -396.0
83 -396.0
84 -396.0
85 -396.0
86 -396.0
87 -396.0
88 -396.0
89 -396.0
90 -396.0
91 -396.0
92 -396.0
93 -396.0
94 -396.0
95 -396.0
96 -396.0
97 -396.0
98 -396.0
99 -396.0
100 -396.0
101 -396.0
102 -396.0
103 -396.0
104 -396.0
105 -396.0
106 -396.0
107 -396.0
108 -396.0
109 -396.0
110 -396.0
111 -396.0
112 -396.0
113 -396.0
114 -396.0
115 -396.0
116 -396.0
117 -396.0
118 -396.0
119 -396.0
120 -396.0
121 -396.0
122 -396.0
123 -396.0
124 -396.0
125 -396.0
126 -396.0
127 -396.0
128 -396.0
129 -396.0
130 -396.0
131 -396.0
132 -396.0
133 -396.0
134 -396.0
135 -396.0
136 -396.0
137 -396.0
138 -396.0
139 -396.0
140 -396.0
141 -396.0
142 -396.0
143 -396.0
144 -396.0
145 -396.0
146 -396.0
147 -396.0
148 -396.0
149 -396.0
150 -396.0
151 -396.0
152 -396.0
153 -396.0
154 -396.0
155 -396.0
156 -396.0
157 -396.0
158 -396.0
159 -396.0
160 -396.0
161 -396.0
162 -396.0
163 -396.0
164 -396.0
165 -396.0
166 -396.0
167 -396.0
168 -396.0
169 -396.0
170 -396.0
171 -396.0
172 -396.0
173 -396.0
174 -396.0
175 -396.0
176 -396.0
177 -396.0
178 -396.0
179 -396.0
180 -396.0
181 -396.0
182 -396.0
183 -396.0
184 -396.0
185 -396.0
186 -396.0
187 -396.0
188 -396.0
189 -396.0
190 -396.0
191 -396.0
192 -396.0
193 -396.0
194 -396.0
195 -396.0
196 -396.0
197 -396.0
198 -396.0
199 -396.0
200 -396.0
201 -396.0
202 -396.0
203 -396.0
204 -396.0
205 -396.0
206 -396.0
207 -396.0
208 -396.0
209 -396.0
210 -396.0
211 80.0
212 80.0
213 80.0
214 80.0
215 80.0
216 80.0
217 80.0
218 80.0
219 80.0
220 80.0
221 80.0
222 80.0
223 63.0
224 80.0
225 80.0
226 80.0
227 81.0
228 81.0
229 81.0
230 81.0
231 81.0
232 81.0
233 81.0
234 81.0
235 81.0
236 81.0
237 81.0
238 64.0
239 81.0
240 81.0
241 81.0
242 81.0
243 81.0
244 81.0
245 82.0
246 82.0
247 82.0
248 82.0
249 82.0
250 82.0
251 82.0
252 82.0
253 82.0
254 82.0
255 82.0
256 82.0
257 82.0
258 82.0
259 82.0
260 82.0
261 82.0
262 82.0
263 82.0
264 83.0
265 83.0
266 83.0
267 83.0
268 83.0
269 83.0
270 83.0
271 83.0
272 83.0
273 83.0
274 83.0
275 66.0
276 83.0
277 66.0
278 83.0
279 83.0
280 83.0
281 83.0
282 83.0
283 83.0
284 84.0
285 84.0
286 84.0
287 84.0
288 67.0
289 84.0
290 84.0
291 84.0
292 84.0
293 67.0
294 84.0
295 84.0
296 67.0
297 67.0
298 84.0
299 67.0
300 67.0
301 84.0
302 84.0
303 84.0
304 84.0
305 84.0
306 84.0
307 84.0
308 84.0
309 84.0
310 85.0
311 85.0
312 85.0
313 85.0
314 85.0
315 85.0
316 85.0
317 85.0
318 85.0
319 85.0
320 85.0
321 85.0
322 85.0
323 68.0
324 68.0
325 68.0
326 68.0
327 68.0
328 68.0
329 68.0
330 68.0
331 85.0
332 85.0
333 68.0
334 85.0
335 85.0
336 85.0
337 86.0
338 86.0
339 86.0
340 86.0
341 69.0
342 86.0
343 86.0
344 86.0
345 86.0
346 86.0
347 69.0
348 69.0
349 69.0
350 69.0
351 69.0
352 69.0
353 69.0
354 69.0
355 69.0
356 69.0
357 69.0
358 69.0
359 69.0
360 69.0
361 86.0
362 86.0
363 86.0
364 86.0
365 86.0
366 86.0
367 86.0
368 86.0
369 87.0
370 87.0
371 87.0
372 87.0
373 70.0
374 70.0
375 70.0
376 87.0
377 70.0
378 87.0
379 70.0
380 70.0
381 70.0
382 70.0
383 70.0
384 87.0
385 70.0
386 70.0
387 -389.0
388 70.0
389 70.0
390 70.0
391 87.0
392 87.0
393 87.0
394 87.0
395 87.0
396 87.0
397 87.0
398 87.0
399 87.0
400 87.0
401 87.0
402 87.0
403 87.0
404 70.0
405 88.0
406 70.0
407 70.0
408 88.0
409 88.0
410 88.0
411 71.0
412 71.0
413 71.0
414 71.0
415 71.0
416 88.0
417 88.0
418 88.0
419 -388.0
420 88.0
421 88.0
422 88.0
423 71.0
424 88.0
425 88.0
426 71.0
427 88.0
428 88.0
429 88.0
430 88.0
431 -388.0
432 71.0
433 88.0
434 71.0
435 71.0
436 71.0
437 71.0
438 88.0
439 88.0
440 71.0
441 71.0
442 71.0
443 71.0
444 71.0
445 89.0
446 89.0
447 89.0
448 72.0
449 89.0
450 89.0
451 89.0
452 89.0
453 89.0
454 89.0
455 89.0
456 89.0
457 89.0
458 89.0
459 89.0
460 72.0
461 72.0
462 72.0
463 90.0
464 90.0
465 90.0
466 90.0
467 73.0
468 73.0
469 73.0
470 73.0
471 73.0
472 73.0
473 90.0
474 90.0
475 90.0
476 90.0
477 73.0
478 73.0
479 73.0
480 73.0
481 90.0
482 90.0
483 90.0
484 90.0
485 90.0
486 90.0
487 73.0
488 73.0
489 90.0
490 73.0
491 90.0
492 73.0
493 73.0
494 73.0
495 73.0
496 91.0
497 91.0
498 91.0
499 74.0
500 74.0
501 91.0
502 91.0
503 74.0
504 91.0
505 91.0
506 91.0
507 91.0
508 74.0
509 91.0
510 91.0
511 92.0
512 92.0
513 92.0
514 92.0
515 92.0
516 75.0
517 75.0
518 75.0
519 92.0
520 75.0
521 92.0
522 75.0
523 75.0
524 75.0
525 75.0
526 92.0
527 92.0
528 92.0
529 75.0
530 75.0
531 92.0
532 92.0
533 92.0
534 75.0
535 75.0
536 75.0
537 75.0
538 93.0
539 75.0
540 75.0
541 93.0
542 93.0
543 93.0
544 93.0
545 76.0
546 76.0
547 76.0
548 93.0
549 93.0
550 -383.0
551 93.0
552 93.0
553 76.0
554 76.0
555 76.0
556 76.0
557 93.0
558 76.0
559 -383.0
560 93.0
561 93.0
562 94.0
563 94.0
564 94.0
565 94.0
566 94.0
567 94.0
568 94.0
569 94.0
570 94.0
571 94.0
572 94.0
573 77.0
574 77.0
575 77.0
576 77.0
577 77.0
578 77.0
579 77.0
580 77.0
581 94.0
582 94.0
583 77.0
584 94.0
585 94.0
586 77.0
587 77.0
588 77.0
589 77.0
590 95.0
591 95.0
592 95.0
593 78.0
594 95.0
595 95.0
596 95.0
597 95.0
598 95.0
599 95.0
600 78.0
601 95.0
602 95.0
603 78.0
604 78.0
605 78.0
606 78.0
607 95.0
608 78.0
609 95.0
610 96.0
611 78.0
612 78.0
613 78.0
614 78.0
615 96.0
616 96.0
617 96.0
618 96.0
619 96.0
620 96.0
621 96.0
622 96.0
623 96.0
624 79.0
625 96.0
626 79.0
627 96.0
628 79.0
629 79.0
630 96.0
631 96.0
632 97.0
633 97.0
634 97.0
635 97.0
636 97.0
637 80.0
638 80.0
639 80.0
640 97.0
641 97.0
642 97.0
643 97.0
644 97.0
645 98.0
646 -379.0
647 98.0
648 98.0
649 98.0
650 98.0
651 81.0
652 81.0
653 81.0
654 81.0
655 98.0
656 81.0
657 81.0
658 81.0
659 81.0
660 98.0
661 98.0
662 98.0
663 98.0
664 98.0
665 98.0
666 81.0
667 98.0
668 98.0
669 99.0
670 81.0
671 99.0
672 82.0
673 82.0
674 82.0
675 99.0
676 99.0
677 99.0
678 99.0
679 99.0
680 99.0
681 83.0
682 99.0
683 82.0
684 82.0
685 82.0
686 82.0
687 82.0
688 99.0
689 82.0
690 82.0
691 99.0
692 100.0
693 100.0
694 100.0
695 100.0
696 100.0
697 100.0
698 100.0
699 100.0
700 100.0
701 100.0
702 100.0
703 101.0
704 101.0
705 101.0
706 101.0
707 101.0
708 101.0
709 101.0
710 101.0
711 85.0
712 101.0
713 102.0
714 84.0
715 102.0
716 102.0
717 102.0
718 102.0
719 102.0
720 102.0
