1 -396.0
2 63.0
3 -396.0
4 -396.0
5 63.0
6 -396.0
7 -396.0
8 -396.0
9 -396.0
10 63.0
11 -396.0
12 63.0
13 -396.0
14 -396.0
15 -396.0
16 -396.0
17 -396.0
18 -396.0
19 -396.0
20 -396.0
21 -396.0
22 -396.0
23 -396.0
24 -389.0
25 -396.0
26 -396.0
27 -379.0
28 -396.0
29 -396.0
30 -396.0
31 63.0
32 63.0
33 63.0
34 63.0
35 63.0
36 80.0
37 63.0
38 63.0
39 63.0
40 63.0
41 -396.0
42 -399.0
43 -396.0
44 63.0
45 63.0
46 63.0
47 -396.0
48 63.0
49 63.0
50 -396.0
51 63.0
52 -397.0
53 63.0
54 63.0
55 63.0
56 63.0
57 63.0
58 -396.0
59 63.0
60 63.0
61 80.0
62 79.0
63 -396.0
64 -396.0
65 -396.0
66 -396.0
67 -396.0
68 -396.0
69 -396.0
70 -396.0
71 -396.0
72 -396.0
73 -396.0
74 -396.0
75 -396.0
76 -396.0
77 -396.0
78 -396.0
79 -396.0
80 -396.0
81 -396.0
82 -396.0
83 63.0
84 -396.0
85 -396.0
86 -396.0
87 -396.0
88 -396.0
89 -396.0
90 -396.0
91 63.0
92 -396.0
93 -396.0
94 -396.0
95 63.0
96 -396.0
97 -396.0
98 -396.0
99 63.0
100 -396.0
101 63.0
102 -396.0
103 -396.0
104 63.0
105 63.0
106 -396.0
107 -396.0
108 -396.0
109 -396.0
110 -396.0
111 -396.0
112 -396.0
113 -396.0
114 -396.0
115 -396.0
116 -396.0
117 -396.0
118 -396.0
119 -396.0
120 -396.0
121 63.0
122 63.0
123 63.0
124 63.0
125 63.0
126 63.0
127 -396.0
128 -396.0
129 -396.0
130 -396.0
131 -396.0
132 -396.0
133 -396.0
134 -396.0
135 -396.0
136 -396.0
137 -396.0
138 -396.0
139 -396.0
140 -396.0
141 -396.0
142 63.0
143 -396.0
144 -396.0
145 -396.0
146 -396.0
147 -396.0
148 -396.0
149 -396.0
150 -396.0
151 -396.0
152 -396.0
153 -396.0
154 -396.0
155 -396.0
156 -396.0
157 -396.0
158 -396.0
159 -396.0
160 -396.0
161 -396.0
162 -396.0
163 -396.0
164 -396.0
165 -396.0
166 -396.0
167 -396.0
168 -396.0
169 -396.0
170 -396.0
171 63.0
172 -396.0
173 63.0
174 63.0
175 63.0
176 63.0
177 -396.0
178 63.0
179 63.0
180 63.0
181 -396.0
182 -396.0
183 -396.0
184 -396.0
185 -396.0
186 -396.0
187 -396.0
188 -396.0
189 -396.0
190 -396.0
191 -396.0
192 -396.0
193 -396.0
194 -396.0
195 -396.0
196 -396.0
197 -396.0
198 -396.0
199 -396.0
200 -396.0
201 -396.0
202 -396.0
203 -396.0
204 -396.0
205 -396.0
206 -396.0
207 -396.0
208 -396.0
209 -396.0
210 -396.0
211 80.0
212 80.0
213 80.0
214 80.0
215 80.0
216 80.0
217 80.0
218 80.0
219 81.0
220 81.0
221 81.0
222 81.0
223 81.0
224 81.0
225 81.0
226 81.0
227 81.0
228 81.0
229 81.0
230 81.0
231 81.0
232 81.0
233 81.0
234 80.0
235 81.0
236 81.0
237 81.0
238 80.0
239 82.0
