1.0  149.0
2.0  234.0
3.0  214.0
4.0  195.0
5.0  219.0
6.0  244.0
7.0  246.0
8.0  193.0
9.0  199.0
10.0  203.0
11.0  175.0
12.0  191.0
13.0  159.0
14.0  182.0
15.0  180.0
16.0  163.0
17.0  156.0
18.0  142.0
19.0  142.0
20.0  136.0
21.0  139.0
22.0  134.0
23.0  128.0
24.0  125.0
25.0  125.0
26.0  122.0
27.0  120.0
28.0  120.0
29.0  121.0
30.0  114.0
31.0  115.0
32.0  112.0
33.0  111.0
34.0  106.0
35.0  105.0
36.0  100.0
37.0  94.0
38.0  99.0
39.0  94.0
40.0  93.0
41.0  98.0
42.0  85.0
43.0  90.0
44.0  86.0
45.0  91.0
46.0  89.0
47.0  80.0
48.0  75.0
49.0  74.0
50.0  79.0
51.0  80.0
52.0  82.0
53.0  87.0
54.0  85.0
55.0  82.0
56.0  77.0
57.0  72.0
58.0  72.0
59.0  70.0
60.0  67.0
61.0  63.0
62.0  66.0
63.0  64.0
64.0  65.0
65.0  53.0
66.0  52.0
67.0  51.0
68.0  54.0
69.0  57.0
70.0  59.0
71.0  65.0
72.0  65.0
73.0  64.0
74.0  59.0
75.0  57.0
76.0  57.0
77.0  49.0
78.0  49.0
79.0  49.0
80.0  48.0
81.0  51.0
82.0  53.0
83.0  54.0
84.0  55.0
85.0  56.0
86.0  57.0
87.0  54.0
88.0  59.0
89.0  61.0
90.0  59.0
91.0  59.0
92.0  58.0
93.0  56.0
94.0  59.0
95.0  61.0
96.0  58.0
97.0  56.0
98.0  58.0
99.0  59.0
100.0  55.0
100.0  50.0
