1.0  955.0
2.0  1985.0
3.0  1450.0
4.0  1779.0
5.0  2163.0
6.0  2163.0
7.0  1523.0
8.0  1573.0
9.0  1525.0
10.0  2032.0
11.0  2651.0
12.0  1579.0
13.0  3354.0
14.0  2413.0
15.0  2079.0
16.0  2015.0
17.0  2033.0
18.0  2098.0
19.0  1965.0
20.0  2017.0
21.0  1913.0
22.0  2047.0
23.0  2088.0
24.0  2241.0
25.0  2025.0
26.0  2025.0
27.0  1415.0
28.0  2076.0
29.0  2090.0
30.0  1566.0
31.0  2104.0
32.0  2117.0
33.0  2015.0
34.0  1740.0
35.0  2756.0
36.0  2092.0
37.0  1989.0
38.0  2069.0
39.0  2065.0
40.0  1995.0
41.0  2093.0
42.0  1603.0
43.0  2027.0
44.0  2245.0
45.0  1549.0
46.0  2058.0
47.0  1973.0
48.0  1982.0
49.0  1996.0
50.0  1984.0
51.0  2679.0
52.0  1929.0
53.0  1782.0
54.0  1574.0
55.0  1957.0
56.0  1987.0
57.0  1534.0
58.0  1955.0
59.0  2575.0
60.0  1792.0
61.0  1810.0
62.0  2027.0
63.0  1810.0
64.0  2111.0
65.0  2003.0
66.0  2173.0
67.0  2249.0
68.0  2125.0
69.0  2273.0
70.0  2802.0
71.0  2068.0
72.0  1604.0
73.0  1819.0
74.0  2030.0
75.0  2724.0
76.0  2083.0
77.0  1575.0
78.0  2114.0
79.0  1988.0
80.0  1541.0
81.0  2053.0
82.0  1710.0
83.0  1991.0
84.0  2005.0
85.0  2021.0
86.0  2090.0
87.0  2514.0
88.0  2063.0
89.0  1998.0
90.0  1666.0
91.0  1736.0
92.0  1959.0
93.0  1759.0
94.0  2250.0
95.0  2066.0
96.0  1981.0
97.0  1939.0
98.0  1587.0
99.0  2111.0
100.0  2224.0
100.0  2103.0
