1.0  348.51297283477146
2.0  859.9384124937868
3.0  1426.1971466228474
4.0  1770.6109593312674
5.0  2072.0083844313986
6.0  1859.983616965911
7.0  2098.294657375144
8.0  2660.079645340267
9.0  2462.5840536013384
10.0  2923.846976307766
11.0  3153.2269641723356
12.0  3644.4469514974176
13.0  3343.3438648415354
14.0  3807.636703296702
15.0  3276.5014437182263
16.0  3538.813052877592
17.0  3561.8826182844946
18.0  4368.424847647979
19.0  3838.444732841493
20.0  3919.9076417037395
21.0  3946.4892478105435
22.0  3836.0221106919635
23.0  3892.929854881111
24.0  3915.8868221610933
25.0  3992.9350427987474
26.0  3968.468639284211
27.0  3636.2132256357745
28.0  3467.814851516676
29.0  3696.94670917671
30.0  3523.015603830868
31.0  3423.889197322629
32.0  3347.254285727112
33.0  3153.611793551792
34.0  3471.3003474094044
35.0  3458.86703250189
36.0  3112.33772918193
37.0  3220.3718581651974
38.0  3352.48122188632
39.0  4045.7373627965558
40.0  3474.820237968623
41.0  3006.0385680853997
42.0  3033.1163473389356
43.0  3039.4671833246557
44.0  3264.002177443946
45.0  3009.6517910166895
46.0  3354.6791118245055
47.0  2905.186909324594
48.0  2817.092537848897
49.0  2976.7432294435084
50.0  3063.8155685918186
51.0  2920.949897504177
52.0  3031.2863277667616
53.0  2840.1224060371983
54.0  3073.0697104072387
55.0  2692.8916322850578
56.0  2968.6579518127733
57.0  3141.1828454151396
58.0  2892.2801839462372
59.0  2614.867914465651
60.0  3194.66390665719
61.0  2857.5459473630067
62.0  2923.0049157353983
63.0  2890.2531899304286
64.0  2511.7193733446043
65.0  2651.9203476513007
66.0  3247.3655751362116
67.0  3131.9251787423314
68.0  2868.7329509126507
69.0  3076.9742885478804
70.0  2933.1851835526636
71.0  2802.8572642058793
72.0  2739.8380169251204
73.0  3018.4571899045545
74.0  2870.4830324943173
75.0  3498.0629303581777
76.0  2919.061608883319
77.0  3045.149495469006
78.0  2726.804606038466
79.0  2881.8842448487258
80.0  2534.3614950237293
81.0  2417.5210422664477
82.0  2930.389934176
83.0  2816.4072256239833
84.0  3363.391595067242
85.0  3119.5218303697998
86.0  3256.2203105288163
87.0  3387.380346894693
88.0  3597.3268647091527
89.0  3286.2945486800713
90.0  3513.827992166038
91.0  3986.298982326524
92.0  3560.125545816591
93.0  3472.9121846159806
94.0  3605.4905898066218
95.0  3450.6208613426643
96.0  3140.1362574859154
97.0  3748.20512016137
98.0  4142.910924423192
99.0  3382.779630905772
100.0  3578.7077497437217
100.0  3771.505700470399
