1.0  218.09812582958332
2.0  847.3966183323582
3.0  1203.5278632096108
4.0  1376.9670485234926
5.0  1200.9969822832948
6.0  1358.6475903806972
7.0  1495.356520723322
8.0  2078.6339802433026
9.0  2394.8893604926616
10.0  2350.5113193054303
11.0  2385.6080911680906
12.0  1004.0898029573315
13.0  1967.683812636166
14.0  276.554
15.0  253.19218436873751
16.0  1728.3810605030712
17.0  1211.2961358719072
18.0  1623.9915295352505
19.0  1810.1476032439202
20.0  2095.1501220364075
21.0  1745.871698208491
22.0  1828.1288059520891
23.0  2058.020466186095
24.0  1904.9719836850475
25.0  2227.0395106212823
26.0  1500.6762294739892
27.0  1316.5454261052248
28.0  1151.1850648933744
29.0  1963.7013371795608
30.0  1947.407835854601
31.0  2211.750141728317
32.0  2361.6422278447762
33.0  2107.3143991935494
34.0  2425.7892529832443
35.0  2770.069614105651
36.0  2178.3557849669087
37.0  2574.9746910804456
38.0  2501.731996354098
39.0  2420.019089004971
40.0  2498.486873454182
41.0  2313.3043162674626
42.0  2469.7445100876675
43.0  2472.7296229752487
44.0  1968.731659205289
45.0  2300.7984528816214
46.0  2159.972096908939
47.0  2919.9050950511523
48.0  1393.5267073426137
49.0  2500.2975102479095
50.0  1485.4052604892315
51.0  1753.2967442846725
52.0  1738.4565096841282
53.0  1793.1715569777407
54.0  1773.7001597009214
55.0  1713.0219042391395
56.0  1589.6809234786276
57.0  1542.4310791451085
58.0  1858.0761472565814
59.0  1572.7926580765227
60.0  1793.8336170805458
61.0  1978.5352549171844
62.0  1994.8090703142836
63.0  2094.6896178037673
64.0  2150.2763877655793
65.0  1887.9618732830058
66.0  2288.990755188895
67.0  2221.1697744567678
68.0  1954.9327249487924
69.0  2480.586607088114
70.0  2795.971097985483
71.0  2016.1587739137747
72.0  2174.1153165663286
73.0  2389.726285290633
74.0  2255.110714495843
75.0  2408.3072614333546
76.0  2377.3982212475635
77.0  1956.9286128850238
78.0  2251.06655072554
79.0  2902.8813959584954
80.0  1714.3298853111091
81.0  1631.1056242713732
82.0  2035.3832905761362
83.0  1357.4628159541664
84.0  1968.6600034644728
85.0  1682.2852951824007
86.0  2262.4232413655704
87.0  2072.1155262934044
88.0  2643.1271385351156
89.0  2001.295913856323
90.0  1689.4033095306102
91.0  1928.572226569255
92.0  1688.5643432632367
93.0  1597.3616423971553
94.0  1771.1047633783842
95.0  1370.1107653821518
96.0  1451.748779354469
97.0  1348.8653851358656
98.0  1689.967704186355
99.0  1393.9963761049266
100.0  1610.0377416026272
100.0  2154.511200572389
