1.0  1286.0
2.0  1462.0
3.0  1430.0
4.0  1534.0
5.0  1614.0
6.0  1605.0
7.0  1626.0
8.0  1626.0
9.0  1625.0
10.0  1622.0
11.0  1616.0
12.0  1627.0
13.0  1623.0
14.0  2115.0
15.0  2099.0
16.0  2055.0
17.0  2012.0
18.0  2112.0
19.0  2031.0
20.0  1615.0
21.0  2027.0
22.0  2016.0
23.0  2027.0
24.0  1623.0
25.0  1621.0
26.0  2108.0
27.0  2112.0
28.0  2030.0
29.0  1986.0
30.0  1675.0
31.0  2038.0
32.0  1626.0
33.0  1721.0
34.0  2018.0
35.0  1979.0
36.0  2004.0
37.0  1727.0
38.0  1626.0
39.0  1626.0
40.0  2030.0
41.0  1736.0
42.0  1970.0
43.0  1854.0
44.0  2011.0
45.0  2043.0
46.0  2045.0
47.0  2045.0
48.0  2022.0
49.0  1618.0
50.0  2037.0
51.0  2032.0
52.0  2106.0
53.0  2087.0
54.0  1624.0
55.0  1627.0
56.0  1625.0
57.0  1627.0
58.0  1901.0
59.0  2111.0
60.0  1620.0
61.0  1594.0
62.0  2024.0
63.0  2048.0
64.0  1616.0
65.0  2048.0
66.0  2369.0
67.0  2277.0
68.0  1635.0
69.0  1747.0
70.0  1815.0
71.0  3054.0
72.0  3029.0
73.0  3053.0
74.0  2785.0
75.0  2364.0
76.0  2254.0
77.0  2121.0
78.0  2413.0
79.0  2648.0
80.0  2653.0
81.0  2445.0
82.0  2049.0
83.0  2620.0
84.0  2140.0
85.0  2065.0
86.0  2519.0
87.0  3855.0
88.0  3259.0
89.0  3204.0
90.0  3709.0
91.0  3687.0
92.0  4036.0
93.0  3461.0
94.0  3687.0
95.0  3586.0
96.0  3667.0
97.0  3689.0
98.0  3210.0
99.0  3029.0
100.0  2759.0
100.0  2775.0
