1.0  3741.6666666666665
2.0  4523.666666666667
3.0  4350.333333333333
4.0  3702.3333333333335
5.0  4109.333333333333
6.0  4329.333333333333
7.0  4461.333333333333
8.0  6661.0
9.0  6797.333333333333
10.0  5321.666666666667
11.0  5073.0
12.0  6149.333333333333
13.0  6427.666666666667
14.0  5948.333333333333
15.0  5126.0
16.0  5399.0
17.0  7261.666666666667
18.0  5442.666666666667
19.0  6430.333333333333
20.0  6128.0
21.0  5642.0
22.0  6118.0
23.0  6065.666666666667
24.0  5234.666666666667
25.0  6450.0
26.0  6196.666666666667
27.0  5319.666666666667
28.0  6444.666666666667
29.0  4941.666666666667
30.0  6078.333333333333
31.0  6351.333333333333
32.0  5878.666666666667
33.0  5821.333333333333
34.0  5097.0
35.0  5291.666666666667
36.0  4729.666666666667
37.0  4800.333333333333
38.0  5288.0
39.0  5697.0
40.0  4895.0
41.0  5370.666666666667
42.0  6605.666666666667
43.0  5664.666666666667
44.0  4913.0
45.0  5339.666666666667
46.0  5790.666666666667
47.0  5505.333333333333
48.0  5705.0
49.0  4742.0
50.0  6800.333333333333
51.0  6131.666666666667
52.0  5252.666666666667
53.0  4995.0
54.0  5575.333333333333
55.0  5305.666666666667
56.0  5714.333333333333
57.0  6867.666666666667
58.0  7420.333333333333
59.0  6757.333333333333
60.0  5531.666666666667
61.0  6885.666666666667
62.0  6880.666666666667
63.0  6331.666666666667
64.0  6262.0
65.0  5955.0
66.0  5618.333333333333
67.0  6257.0
68.0  6290.0
69.0  7277.0
70.0  6278.0
71.0  5839.666666666667
72.0  6181.0
73.0  7526.333333333333
74.0  7491.333333333333
75.0  6542.0
76.0  6699.666666666667
77.0  6566.333333333333
78.0  6234.666666666667
79.0  5972.666666666667
80.0  6014.0
81.0  6368.0
82.0  6057.333333333333
83.0  5414.0
84.0  6949.666666666667
85.0  5763.0
86.0  6642.666666666667
87.0  7123.666666666667
88.0  6142.0
89.0  6951.333333333333
90.0  7003.666666666667
91.0  6109.0
92.0  5995.666666666667
93.0  6374.0
94.0  6273.333333333333
95.0  5926.333333333333
96.0  6149.666666666667
97.0  7722.666666666667
98.0  6207.666666666667
99.0  5523.666666666667
100.0  5616.0
100.0  6140.333333333333
