1.0  327.30720000000014
2.0  1352.829738998112
3.0  1761.8844800376387
4.0  2714.0215970542395
5.0  2904.864568263014
6.0  3308.198489665227
7.0  6090.6659396325595
8.0  6531.534216964226
9.0  8765.591265771267
10.0  6287.063010841411
11.0  3694.3679333981863
12.0  2148.097328583076
13.0  5132.2206505179365
14.0  6201.22341223975
15.0  5528.586083094514
16.0  6102.026081086696
17.0  4832.09408155661
18.0  5312.0190135292405
19.0  6359.792717862666
20.0  7691.613170319125
21.0  8540.041205099786
22.0  9355.018719488606
23.0  9845.131696303793
24.0  9412.810192656245
25.0  9391.457390286656
26.0  9034.307867010639
27.0  8702.421948229929
28.0  6964.078587711956
29.0  6140.283163760103
30.0  6784.429680165744
31.0  6231.996450748024
32.0  4720.138888191431
33.0  4605.208234195278
34.0  5554.3412435910695
35.0  6807.027575773714
36.0  4799.948509174011
37.0  5889.559635538706
38.0  5980.596994983566
39.0  6408.976590239035
40.0  7137.924431780682
41.0  7147.892812017506
42.0  6945.327793593542
43.0  6973.923563148351
44.0  6132.840085323506
45.0  6835.297907396102
46.0  6313.034174751202
47.0  6509.502777567731
48.0  6763.959508578933
49.0  6372.533912342717
50.0  4942.211319716568
51.0  4575.198366742491
52.0  5129.985889020795
53.0  6744.713150726901
54.0  7562.3557612146315
55.0  5112.0528838500295
56.0  7461.170588547292
57.0  7210.932508130832
58.0  7835.6263009600425
59.0  8052.7943417662855
60.0  8059.441306186595
61.0  8229.954988610243
62.0  7311.140117861732
63.0  5813.501836437519
64.0  5389.545998374221
65.0  5448.6545837650065
66.0  5716.056477897642
67.0  4337.839746148664
68.0  4875.793895677225
69.0  5970.41793201972
70.0  6102.402709103977
71.0  6026.277668102927
72.0  5948.267892977554
73.0  6808.103319222297
74.0  5698.98401089
75.0  5887.104086916124
76.0  5102.873672117876
77.0  5205.470542024555
78.0  4245.637337852833
79.0  3499.192068943056
80.0  5324.768184743776
81.0  4674.152869671452
82.0  5134.426400647877
83.0  4727.506889311199
84.0  4993.636342673326
85.0  5671.17288159636
86.0  5270.59390398696
87.0  6014.223284791501
88.0  5712.713554564984
89.0  6838.594736187074
90.0  7212.571371516704
91.0  6972.904873875882
92.0  7387.061333597946
93.0  6496.458151591307
94.0  7696.299570613506
95.0  6868.86364010685
96.0  7056.2346045986405
97.0  7132.110191957993
98.0  7760.284608168665
99.0  6566.946767917995
100.0  4413.833166677534
100.0  4149.9362763458985
