1.0  500.0
2.0  118.0
3.0  108.0
4.0  100.0
5.0  95.0
6.0  72.0
7.0  68.0
8.0  46.0
9.0  40.0
10.0  33.0
11.0  29.0
12.0  24.0
13.0  19.0
14.0  21.0
15.0  20.0
16.0  18.0
17.0  16.0
18.0  15.0
19.0  15.0
20.0  15.0
21.0  16.0
22.0  16.0
23.0  16.0
24.0  12.0
25.0  12.0
26.0  12.0
27.0  14.0
28.0  14.0
29.0  15.0
30.0  17.0
31.0  18.0
32.0  18.0
33.0  18.0
34.0  17.0
35.0  16.0
36.0  15.0
37.0  16.0
38.0  16.0
39.0  14.0
40.0  13.0
41.0  16.0
42.0  14.0
43.0  13.0
44.0  15.0
45.0  15.0
46.0  15.0
47.0  14.0
48.0  13.0
49.0  14.0
50.0  14.0
51.0  16.0
52.0  16.0
53.0  15.0
54.0  14.0
55.0  15.0
56.0  14.0
57.0  17.0
58.0  16.0
59.0  18.0
60.0  15.0
61.0  15.0
62.0  16.0
63.0  14.0
64.0  16.0
65.0  16.0
66.0  18.0
67.0  19.0
68.0  18.0
69.0  17.0
70.0  16.0
71.0  16.0
72.0  16.0
73.0  15.0
74.0  15.0
75.0  12.0
76.0  13.0
77.0  11.0
78.0  4.0
79.0  4.0
80.0  4.0
81.0  4.0
82.0  4.0
83.0  4.0
84.0  4.0
85.0  7.0
86.0  10.0
87.0  11.0
88.0  15.0
89.0  16.0
90.0  17.0
91.0  15.0
92.0  18.0
93.0  18.0
94.0  14.0
95.0  17.0
96.0  15.0
97.0  16.0
98.0  15.0
99.0  16.0
100.0  12.0
100.0  13.0
