1.0  438.0170666666665
2.0  1651.3838727935035
3.0  2311.71998487871
4.0  3252.6398277090575
5.0  4338.82457419315
6.0  6451.566359153759
7.0  8514.04974801474
8.0  9152.839929768646
9.0  11051.772620779557
10.0  12459.539622219158
11.0  9002.246400984908
12.0  8081.790751329609
13.0  6348.051277295869
14.0  6439.189433321841
15.0  5236.7190244029325
16.0  6184.350231911808
17.0  4568.941058000628
18.0  4932.294451086412
19.0  4128.57963720237
20.0  4723.154289976771
21.0  6095.53964424217
22.0  5667.009835045128
23.0  5501.829304213439
24.0  5101.551681646429
25.0  6047.372618112112
26.0  5385.762662445996
27.0  5698.463461858466
28.0  7187.69215889379
29.0  7786.338843969704
30.0  7599.256808986736
31.0  6848.434479472057
32.0  6902.280864340919
33.0  6840.346254951781
34.0  6181.109179364069
35.0  6609.5615140446225
36.0  6791.587579731381
37.0  5536.957996499128
38.0  5617.83056233962
39.0  5580.908198730341
40.0  4121.174374242602
41.0  4627.28874825857
42.0  5529.175852105771
43.0  4685.728288589018
44.0  6253.197121512456
45.0  5033.495149624522
46.0  5466.1058952115845
47.0  5676.7239872959735
48.0  6274.167129450898
49.0  6327.612915819123
50.0  5445.877267956164
51.0  6972.241404305599
52.0  7041.139963475322
53.0  5860.447801029524
54.0  5260.615787968466
55.0  7381.782997774431
56.0  5102.845343950861
57.0  7231.692144394176
58.0  7238.377596561006
59.0  7161.7008110314455
60.0  8599.167276721098
61.0  6153.717932931787
62.0  6594.741615880338
63.0  6496.70288682075
64.0  6751.088369117731
65.0  6211.047959226208
66.0  8757.581248262673
67.0  8223.922844120138
68.0  7134.308271518285
69.0  6159.41408852417
70.0  5999.87447373813
71.0  5911.532867777437
72.0  4911.209006106124
73.0  5455.542344730578
74.0  3486.3563101064833
75.0  4144.469307184653
76.0  3406.0484189380286
77.0  3069.4681338394485
78.0  1286.9829274891777
79.0  1208.3823617612115
80.0  1220.3022043254018
81.0  1207.644506802119
82.0  1269.5453388134024
83.0  1296.582292835765
84.0  1292.2438476586335
85.0  8891.97236953593
86.0  12984.339525932815
87.0  12884.17604649749
88.0  14020.773681101427
89.0  13904.979057711325
90.0  13552.44745303213
91.0  14747.760163539893
92.0  12839.070864028476
93.0  15214.685119545615
94.0  11923.69705100886
95.0  9046.007509140618
96.0  7375.580595434725
97.0  8264.317113195315
98.0  5187.366415819412
99.0  7137.590731348642
100.0  9547.285880858502
100.0  8112.027471020635
