1.0  1343.0
2.0  3490.3333333333335
3.0  3276.3333333333335
4.0  3686.6666666666665
5.0  3441.6666666666665
6.0  3486.3333333333335
7.0  4303.666666666667
8.0  3865.6666666666665
9.0  5538.666666666667
10.0  4437.0
11.0  4035.6666666666665
12.0  4184.0
13.0  4733.0
14.0  4976.0
15.0  6244.333333333333
16.0  5164.0
17.0  5048.666666666667
18.0  4398.333333333333
19.0  6175.0
20.0  5175.333333333333
21.0  5696.666666666667
22.0  5867.666666666667
23.0  5878.0
24.0  5236.333333333333
25.0  5504.0
26.0  6148.666666666667
27.0  6282.666666666667
28.0  4739.333333333333
29.0  5617.666666666667
30.0  4584.0
31.0  4624.666666666667
32.0  4842.333333333333
33.0  5475.666666666667
34.0  5202.0
35.0  5201.0
36.0  5366.333333333333
37.0  5707.0
38.0  4750.0
39.0  4571.666666666667
40.0  4686.0
41.0  5640.666666666667
42.0  4914.666666666667
43.0  4911.666666666667
44.0  5002.666666666667
45.0  5183.333333333333
46.0  4549.0
47.0  5539.333333333333
48.0  4311.333333333333
49.0  6129.666666666667
50.0  4921.0
51.0  5425.0
52.0  6344.0
53.0  5073.0
54.0  5252.333333333333
55.0  4847.0
56.0  6468.666666666667
57.0  4505.333333333333
58.0  4031.0
59.0  5441.333333333333
60.0  6393.333333333333
61.0  4619.666666666667
62.0  5522.666666666667
63.0  6319.0
64.0  5711.0
65.0  5171.333333333333
66.0  5558.333333333333
67.0  5378.333333333333
68.0  4787.666666666667
69.0  5187.0
70.0  5573.333333333333
71.0  5689.333333333333
72.0  5619.0
73.0  5611.0
74.0  7782.0
75.0  6468.666666666667
76.0  6520.333333333333
77.0  6537.666666666667
78.0  6363.0
79.0  6466.0
80.0  6262.333333333333
81.0  6478.333333333333
82.0  6307.333333333333
83.0  5626.0
84.0  5980.666666666667
85.0  5518.0
86.0  5685.333333333333
87.0  6460.666666666667
88.0  7121.0
89.0  7060.0
90.0  6293.666666666667
91.0  5810.666666666667
92.0  5092.0
93.0  5814.333333333333
94.0  4904.0
95.0  4862.0
96.0  4722.666666666667
97.0  4737.333333333333
98.0  4743.666666666667
99.0  6145.333333333333
100.0  5328.333333333333
100.0  6674.0
