1.0  237.36275436132505
2.0  507.83843882034427
3.0  961.6578300718621
4.0  1153.9545263739903
5.0  1248.3376976805066
6.0  1426.0375786589923
7.0  1774.2840733948728
8.0  1765.0590694770872
9.0  1749.9399871650705
10.0  2358.6537283174634
11.0  1993.8990661487244
12.0  2153.155398276079
13.0  2309.1162022896183
14.0  2378.4238779612742
15.0  2555.787152937503
16.0  3152.8763468122984
17.0  3551.4007301198917
18.0  3691.411700270197
19.0  3659.92627632177
20.0  3555.9584444444436
21.0  3678.027503648167
22.0  2634.419020537126
23.0  2608.4950342935545
24.0  2436.4169847000176
25.0  2753.9163176895304
26.0  2610.8013114754094
27.0  2736.5268456375843
28.0  2806.8837670384155
29.0  434.43718535469105
30.0  725.3851759869095
31.0  1088.3517434077894
32.0  1368.6730158730156
33.0  1530.0652177769525
34.0  1555.8981795817956
35.0  1709.8644299545545
36.0  1898.3260173160184
37.0  2064.5036924277915
38.0  2240.6497321124702
39.0  1944.153813215208
40.0  2001.1619895893584
41.0  1982.5739999999994
42.0  2027.7721637426905
43.0  2393.2655864197536
44.0  2257.9841895819372
45.0  2250.4092230576443
46.0  2594.978598568961
47.0  2575.7608112874796
48.0  2657.8328857142874
49.0  2639.5321343969063
50.0  2740.8268211068203
51.0  2688.144761904762
52.0  2747.0099999999998
53.0  2808.3010922787203
54.0  3034.813781723611
55.0  3007.0183595113444
56.0  2813.7865230916495
57.0  2859.068632872504
58.0  2858.39152854512
59.0  2966.3019047619023
60.0  2937.348527891157
61.0  2951.8544942237254
62.0  3126.4493201557357
63.0  3137.6741233377256
64.0  2992.6508763031843
65.0  3097.714143656133
66.0  3069.02676669436
67.0  3064.8926446886453
68.0  3281.395168338304
69.0  3468.803793505327
70.0  3227.7205322335153
71.0  3280.255091470657
72.0  3383.353685872142
73.0  3445.403977900554
74.0  3142.0320545746404
75.0  3382.9923313609484
76.0  3378.9742314935534
77.0  3194.5593397064067
78.0  3337.6894857142884
79.0  3148.650621975365
80.0  3088.253448412698
81.0  3145.1528812415663
82.0  3230.2031293605773
83.0  3428.4106369426763
84.0  3194.630653057416
85.0  3196.8321063528374
86.0  3058.7579878093566
87.0  3137.4801733155127
88.0  3168.273906441128
89.0  3273.9031111111126
90.0  3284.3473441486303
91.0  3084.368370633337
92.0  3271.8177560339195
93.0  3267.0313933770612
94.0  3360.7706471306483
95.0  3451.066526984128
96.0  3445.7216814449916
97.0  3357.1116958716952
98.0  3390.078289744767
99.0  3415.850393125672
100.0  3594.5505093199718
100.0  3390.3670357006154
