1.0  624.0
2.0  467.0
3.0  530.0
4.0  592.0
5.0  854.0
6.0  875.0
7.0  862.0
8.0  881.0
9.0  882.0
10.0  880.0
11.0  885.0
12.0  887.0
13.0  886.0
14.0  886.0
15.0  878.0
16.0  887.0
17.0  887.0
18.0  865.0
19.0  878.0
20.0  965.0
21.0  1054.0
22.0  1079.0
23.0  967.0
24.0  935.0
25.0  851.0
26.0  939.0
27.0  1061.0
28.0  1102.0
29.0  943.0
30.0  1051.0
31.0  879.0
32.0  700.0
33.0  934.0
34.0  911.0
35.0  1361.0
36.0  909.0
37.0  877.0
38.0  950.0
39.0  1230.0
40.0  1495.0
41.0  1721.0
42.0  1734.0
43.0  2285.0
44.0  2297.0
45.0  2332.0
46.0  2285.0
47.0  1759.0
48.0  1763.0
49.0  1758.0
50.0  1782.0
51.0  1234.0
52.0  1076.0
53.0  1094.0
54.0  931.0
55.0  929.0
56.0  1055.0
57.0  1714.0
58.0  1242.0
59.0  1227.0
60.0  1235.0
61.0  1086.0
62.0  1103.0
63.0  1129.0
64.0  1507.0
65.0  1518.0
66.0  1639.0
67.0  1662.0
68.0  1649.0
69.0  1643.0
70.0  1618.0
71.0  1639.0
72.0  1661.0
73.0  1620.0
74.0  1622.0
75.0  1656.0
76.0  1631.0
77.0  1655.0
78.0  1643.0
79.0  1666.0
80.0  1655.0
81.0  1645.0
82.0  1633.0
83.0  697.0
84.0  1038.0
85.0  880.0
86.0  948.0
87.0  885.0
88.0  875.0
89.0  911.0
90.0  872.0
91.0  878.0
92.0  871.0
93.0  871.0
94.0  1057.0
95.0  1066.0
96.0  1061.0
97.0  884.0
98.0  886.0
99.0  879.0
100.0  902.0
100.0  887.0
