1.0  79.0
2.0  46.0
3.0  41.0
4.0  53.0
5.0  56.0
6.0  52.0
7.0  50.0
8.0  54.0
9.0  44.0
10.0  43.0
11.0  48.0
12.0  52.0
13.0  68.0
14.0  67.0
15.0  51.0
16.0  65.0
17.0  86.0
18.0  103.0
19.0  123.0
20.0  165.0
21.0  167.0
22.0  211.0
23.0  243.0
24.0  277.0
25.0  277.0
26.0  305.0
27.0  298.0
28.0  269.0
29.0  76.0
30.0  169.0
31.0  225.0
32.0  231.0
33.0  243.0
34.0  271.0
35.0  241.0
36.0  242.0
37.0  244.0
38.0  215.0
39.0  258.0
40.0  247.0
41.0  220.0
42.0  228.0
43.0  216.0
44.0  213.0
45.0  209.0
46.0  193.0
47.0  198.0
48.0  200.0
49.0  197.0
50.0  185.0
51.0  187.0
52.0  176.0
53.0  177.0
54.0  177.0
55.0  191.0
56.0  199.0
57.0  186.0
58.0  181.0
59.0  174.0
60.0  175.0
61.0  169.0
62.0  159.0
63.0  162.0
64.0  169.0
65.0  163.0
66.0  158.0
67.0  165.0
68.0  170.0
69.0  175.0
70.0  186.0
71.0  183.0
72.0  181.0
73.0  181.0
74.0  178.0
75.0  169.0
76.0  177.0
77.0  175.0
78.0  175.0
79.0  167.0
80.0  160.0
81.0  152.0
82.0  158.0
83.0  157.0
84.0  151.0
85.0  152.0
86.0  153.0
87.0  153.0
88.0  153.0
89.0  145.0
90.0  141.0
91.0  149.0
92.0  146.0
93.0  141.0
94.0  143.0
95.0  150.0
96.0  145.0
97.0  143.0
98.0  134.0
99.0  133.0
100.0  131.0
100.0  134.0
