1.0  138.2176896817179
2.0  372.47559283626777
3.0  729.8443617294272
4.0  1053.0462095880362
5.0  1432.0624638047282
6.0  1820.2608712337124
7.0  1710.1925572719742
8.0  1683.4449005341796
9.0  1798.052074776714
10.0  1774.8607786711632
11.0  1859.2581135500525
12.0  1757.2694750826436
13.0  1600.7070304671001
14.0  1506.9176922575227
15.0  1326.4413565084
16.0  1161.6882582741507
17.0  1197.9471160801486
18.0  1085.5878634521694
19.0  849.4411574431575
20.0  1263.835154352492
21.0  1506.6754230901201
22.0  1937.5056698935366
23.0  2065.435758218535
24.0  1973.6057682175522
25.0  1947.5900490145427
26.0  2044.0904214474438
27.0  2101.2904165194464
28.0  2093.543013897137
29.0  1500.9286527944512
30.0  1625.9199134951568
31.0  1352.319339943424
32.0  1737.704612779997
33.0  1844.8272143708512
34.0  1799.6673213779118
35.0  2151.860934902252
36.0  130.214
37.0  728.0630522088353
38.0  993.3460119047601
39.0  1479.2722603610446
40.0  2609.4822111992944
41.0  3109.797504454393
42.0  2701.508153717628
43.0  2814.472609207483
44.0  2740.9969908583585
45.0  2738.039757343551
46.0  2961.3764575912646
47.0  2583.5041711796375
48.0  2797.474850629831
49.0  2660.0061915136425
50.0  1996.525763758935
51.0  1947.591845053355
52.0  2321.5605577939527
53.0  2483.089230538752
54.0  2402.622714396977
55.0  2540.6412108490767
56.0  2796.4693521594686
57.0  2841.5629881964446
58.0  2753.5275816604217
59.0  2804.870086932676
60.0  2391.0137246888175
61.0  1776.3535353535349
62.0  1509.8865509851105
63.0  1398.9247976595116
64.0  1343.166288180229
65.0  1227.5368317871123
66.0  1308.7510414443145
67.0  1213.2862911087088
68.0  1167.8675420951809
69.0  1132.53446100616
70.0  1209.7868711047402
71.0  1153.6552651241095
72.0  1290.4044191266248
73.0  1383.8777189576986
74.0  1324.107400263953
75.0  1531.0014471916973
76.0  1603.5556743171337
77.0  1766.018857599778
78.0  1872.5642306699615
79.0  1813.80873984814
80.0  1979.7888599115622
81.0  2094.1006977146344
82.0  2077.652712055771
83.0  2230.9156865742957
84.0  2350.8504824859097
85.0  2228.730284687317
86.0  2222.31639145117
87.0  2250.3011633597885
88.0  1946.554090608466
89.0  2086.308484355152
90.0  1908.4831641291685
91.0  2052.3785222907177
92.0  1803.0966216658485
93.0  1755.0204375976175
94.0  1940.978769748771
95.0  1920.9273575287325
96.0  1895.3303521106507
97.0  2116.375703975658
98.0  2164.3010294173177
99.0  2200.8760345794544
100.0  2208.2713919445987
100.0  1960.125158177014
