1.0  305.0
2.0  455.0
3.0  611.0
4.0  625.0
5.0  624.0
6.0  623.0
7.0  697.0
8.0  878.0
9.0  874.0
10.0  946.0
11.0  920.0
12.0  927.0
13.0  943.0
14.0  927.0
15.0  925.0
16.0  946.0
17.0  944.0
18.0  947.0
19.0  928.0
20.0  886.0
21.0  882.0
22.0  873.0
23.0  625.0
24.0  625.0
25.0  625.0
26.0  624.0
27.0  625.0
28.0  626.0
29.0  625.0
30.0  937.0
31.0  860.0
32.0  870.0
33.0  866.0
34.0  880.0
35.0  882.0
36.0  864.0
37.0  883.0
38.0  879.0
39.0  886.0
40.0  887.0
41.0  884.0
42.0  885.0
43.0  875.0
44.0  889.0
45.0  883.0
46.0  886.0
47.0  955.0
48.0  884.0
49.0  888.0
50.0  1092.0
51.0  935.0
52.0  889.0
53.0  889.0
54.0  889.0
55.0  889.0
56.0  889.0
57.0  889.0
58.0  889.0
59.0  891.0
60.0  889.0
61.0  889.0
62.0  891.0
63.0  889.0
64.0  888.0
65.0  890.0
66.0  890.0
67.0  890.0
68.0  889.0
69.0  889.0
70.0  889.0
71.0  888.0
72.0  890.0
73.0  890.0
74.0  889.0
75.0  890.0
76.0  888.0
77.0  889.0
78.0  889.0
79.0  889.0
80.0  889.0
81.0  889.0
82.0  889.0
83.0  890.0
84.0  890.0
85.0  889.0
86.0  889.0
87.0  889.0
88.0  890.0
89.0  889.0
90.0  890.0
91.0  889.0
92.0  890.0
93.0  889.0
94.0  890.0
95.0  889.0
96.0  890.0
97.0  889.0
98.0  890.0
99.0  889.0
100.0  889.0
100.0  889.0
