1.0  500.0
2.0  35.0
3.0  41.0
4.0  40.0
5.0  43.0
6.0  46.0
7.0  45.0
8.0  34.0
9.0  26.0
10.0  19.0
11.0  15.0
12.0  20.0
13.0  20.0
14.0  21.0
15.0  17.0
16.0  17.0
17.0  17.0
18.0  17.0
19.0  16.0
20.0  16.0
21.0  16.0
22.0  17.0
23.0  18.0
24.0  17.0
25.0  19.0
26.0  18.0
27.0  15.0
28.0  17.0
29.0  17.0
30.0  18.0
31.0  17.0
32.0  16.0
33.0  17.0
34.0  15.0
35.0  16.0
36.0  14.0
37.0  14.0
38.0  14.0
39.0  13.0
40.0  13.0
41.0  13.0
42.0  12.0
43.0  12.0
44.0  13.0
45.0  13.0
46.0  12.0
47.0  13.0
48.0  13.0
49.0  13.0
50.0  13.0
51.0  14.0
52.0  14.0
53.0  14.0
54.0  16.0
55.0  16.0
56.0  16.0
57.0  16.0
58.0  17.0
59.0  20.0
60.0  18.0
61.0  18.0
62.0  18.0
63.0  17.0
64.0  15.0
65.0  16.0
66.0  15.0
67.0  13.0
68.0  12.0
69.0  12.0
70.0  13.0
71.0  13.0
72.0  15.0
73.0  16.0
74.0  16.0
75.0  16.0
76.0  15.0
77.0  16.0
78.0  17.0
79.0  17.0
80.0  18.0
81.0  18.0
82.0  16.0
83.0  16.0
84.0  14.0
85.0  14.0
86.0  15.0
87.0  14.0
88.0  14.0
89.0  15.0
90.0  16.0
91.0  18.0
92.0  20.0
93.0  18.0
94.0  18.0
95.0  18.0
96.0  19.0
97.0  17.0
98.0  17.0
99.0  18.0
100.0  17.0
100.0  17.0
