1.0  176.00000000000003
2.0  1448.078144078144
3.0  1940.9218006230612
4.0  2932.3527302336765
5.0  2486.7153497057734
6.0  2646.9265758993847
7.0  3018.507507601479
8.0  3360.5266886843856
9.0  3084.090320321712
10.0  3330.3342717331193
11.0  1525.1652323328058
12.0  1826.0418056787414
13.0  2180.657019171305
14.0  1416.8679391211099
15.0  2059.4226943843314
16.0  1716.9367539759926
17.0  1667.442145689098
18.0  1670.6097176335209
19.0  1802.462713388049
20.0  2212.848785673786
21.0  1817.6402648573364
22.0  1899.3582662661895
23.0  1655.5800183622891
24.0  1554.9753890013526
25.0  1700.9160636268787
26.0  1698.7615565471128
27.0  1699.318087855297
28.0  2542.991271095201
29.0  2181.70551922161
30.0  1694.739327342092
31.0  1390.9907883234987
32.0  1523.9577109782765
33.0  1529.4494498579058
34.0  1567.2782411737965
35.0  1249.1010251322753
36.0  1221.3585316998647
37.0  1253.2956470112113
38.0  1095.310918158838
39.0  1073.7402720231496
40.0  758.008676100357
41.0  755.096192386664
42.0  787.110770896824
43.0  658.0527296777296
44.0  1116.8222618859095
45.0  1416.291530858027
46.0  1408.3375967791762
47.0  2240.7750091013204
48.0  2052.955676869934
49.0  1954.0719592716082
50.0  2331.2942706903846
51.0  2321.7453359838405
52.0  2868.858122891456
53.0  2268.798223093144
54.0  2345.9604557048933
55.0  2353.500545705766
56.0  2221.8616663963453
57.0  2043.571595551211
58.0  2188.3168524770995
59.0  3260.6787132003074
60.0  2690.9119400400427
61.0  2485.6526216068564
62.0  2407.035808107065
63.0  2681.970419703089
64.0  1766.6226893543396
65.0  2240.327983171339
66.0  1886.2264772839305
67.0  1848.1741639213162
68.0  2736.9490985591788
69.0  2147.746872658257
70.0  3188.652745554854
71.0  2882.817406069286
72.0  2592.2703502818144
73.0  2759.5495541873474
74.0  2545.699855859086
75.0  2343.657919794796
76.0  2157.3511348564457
77.0  2038.016683102143
78.0  1940.3895575231059
79.0  2064.0762252790523
80.0  2257.3254197579863
81.0  1888.0889732459784
82.0  1549.239517623068
83.0  1975.4298276473255
84.0  1836.4202837229245
85.0  1734.5448688224103
86.0  1848.7898357118909
87.0  1718.6601378046323
88.0  1485.855956413729
89.0  1784.7753740464545
90.0  1389.0566924520367
91.0  1933.1859513035981
92.0  2255.058287463108
93.0  2252.8958384925822
94.0  2419.9706971625737
95.0  2910.325739550333
96.0  2388.126311488294
97.0  2726.7887067607476
98.0  2450.7912877154363
99.0  2235.8624130763724
100.0  2124.759906154685
100.0  1883.6796891486385
