1.0  172.48
2.0  1584.8746657620154
3.0  2185.9562976997636
4.0  2078.700788986387
5.0  2338.050935848923
6.0  2857.085774589571
7.0  3211.599080032198
8.0  2941.8080901752282
9.0  3589.091613552406
10.0  3289.4620356619744
11.0  1825.343466606475
12.0  1860.6223737601467
13.0  1679.282152752474
14.0  1526.3694690848156
15.0  1582.8442013614676
16.0  1624.6374448479933
17.0  1630.5647283128253
18.0  1766.0273224043717
19.0  228.56460244648318
20.0  396.7293380336859
21.0  2050.197860900783
22.0  1307.44662352746
23.0  1609.2580282458766
24.0  3490.189266975548
25.0  3819.9672700031347
26.0  2974.7166148302963
27.0  5124.628740692361
28.0  4266.29281410659
29.0  4289.147083233314
30.0  4905.33253740518
31.0  4204.577370877349
32.0  3689.300149656497
33.0  6420.432844113128
34.0  3328.5560833674003
35.0  3844.0647540987407
36.0  4094.360709078292
37.0  3852.0445330326475
38.0  4485.469113149923
39.0  4200.661549567097
40.0  4317.111939132992
41.0  4206.337761077639
42.0  4321.222068314364
43.0  3332.223807136221
44.0  2857.324289658922
45.0  2775.8068384440107
46.0  2383.969487569961
47.0  1177.7230914015715
48.0  878.234382436029
49.0  639.9132326007326
50.0  595.0445421694511
51.0  793.4515146941895
52.0  879.6487840768403
53.0  1304.7933549265883
54.0  1396.4133295582299
55.0  1349.74226547982
56.0  1631.6633419657906
57.0  1917.5850232286853
58.0  2472.5019433109237
59.0  3160.46786502637
60.0  3707.3726045920193
61.0  3268.6883265050315
62.0  3803.0738073993143
63.0  3369.335007171892
64.0  3781.700654973116
65.0  3518.217141453591
66.0  3334.335291739658
67.0  3265.812977574288
68.0  3373.8853403549983
69.0  3146.3735550209476
70.0  3095.2984206735737
71.0  3259.384644759425
72.0  2221.821898035832
73.0  1565.1597848453607
74.0  963.0642947475122
75.0  777.9561508851662
76.0  735.8845114540961
77.0  994.8301356735342
78.0  1399.6107001620394
79.0  4029.1944908997652
80.0  3185.513538545032
81.0  2776.712867844104
82.0  3094.289507890258
83.0  3107.7755127686255
84.0  3373.842111390011
85.0  3536.569593824624
86.0  3766.4942568317942
87.0  3406.1487239158037
88.0  3264.709501828169
89.0  2560.5426904187134
90.0  2991.019599193551
91.0  3243.996973003038
92.0  3138.661656500537
93.0  2810.817071561899
94.0  3142.975148530174
95.0  4073.0438129466797
96.0  2943.9791050446074
97.0  2567.078827758834
98.0  2810.2608786408227
99.0  3084.588759767582
100.0  2777.751259623583
100.0  3168.3108805553966
