1.0  500.0
2.0  99.0
3.0  96.0
4.0  99.0
5.0  93.0
6.0  86.0
7.0  64.0
8.0  50.0
9.0  38.0
10.0  31.0
11.0  26.0
12.0  22.0
13.0  21.0
14.0  20.0
15.0  20.0
16.0  19.0
17.0  18.0
18.0  17.0
19.0  18.0
20.0  18.0
21.0  16.0
22.0  15.0
23.0  16.0
24.0  16.0
25.0  13.0
26.0  14.0
27.0  14.0
28.0  14.0
29.0  13.0
30.0  17.0
31.0  19.0
32.0  19.0
33.0  16.0
34.0  16.0
35.0  13.0
36.0  13.0
37.0  14.0
38.0  14.0
39.0  16.0
40.0  16.0
41.0  17.0
42.0  18.0
43.0  16.0
44.0  15.0
45.0  12.0
46.0  12.0
47.0  13.0
48.0  14.0
49.0  15.0
50.0  14.0
51.0  17.0
52.0  17.0
53.0  18.0
54.0  18.0
55.0  18.0
56.0  17.0
57.0  15.0
58.0  14.0
59.0  14.0
60.0  13.0
61.0  13.0
62.0  10.0
63.0  11.0
64.0  9.0
65.0  10.0
66.0  10.0
67.0  8.0
68.0  8.0
69.0  8.0
70.0  9.0
71.0  11.0
72.0  13.0
73.0  15.0
74.0  18.0
75.0  18.0
76.0  18.0
77.0  17.0
78.0  16.0
79.0  16.0
80.0  17.0
81.0  17.0
82.0  17.0
83.0  17.0
84.0  18.0
85.0  15.0
86.0  17.0
87.0  15.0
88.0  16.0
89.0  17.0
90.0  16.0
91.0  16.0
92.0  15.0
93.0  16.0
94.0  17.0
95.0  17.0
96.0  16.0
97.0  16.0
98.0  15.0
99.0  15.0
100.0  13.0
100.0  12.0
