1.0  500.0
2.0  102.0
3.0  103.0
4.0  103.0
5.0  93.0
6.0  89.0
7.0  72.0
8.0  47.0
9.0  38.0
10.0  29.0
11.0  25.0
12.0  17.0
13.0  19.0
14.0  20.0
15.0  24.0
16.0  24.0
17.0  26.0
18.0  22.0
19.0  21.0
20.0  17.0
21.0  12.0
22.0  16.0
23.0  15.0
24.0  14.0
25.0  13.0
26.0  15.0
27.0  14.0
28.0  15.0
29.0  13.0
30.0  14.0
31.0  16.0
32.0  15.0
33.0  12.0
34.0  15.0
35.0  15.0
36.0  15.0
37.0  15.0
38.0  14.0
39.0  15.0
40.0  15.0
41.0  16.0
42.0  16.0
43.0  15.0
44.0  16.0
45.0  16.0
46.0  14.0
47.0  17.0
48.0  16.0
49.0  15.0
50.0  13.0
51.0  14.0
52.0  11.0
53.0  11.0
54.0  12.0
55.0  11.0
56.0  11.0
57.0  11.0
58.0  12.0
59.0  15.0
60.0  16.0
61.0  16.0
62.0  17.0
63.0  19.0
64.0  20.0
65.0  20.0
66.0  19.0
67.0  16.0
68.0  13.0
69.0  14.0
70.0  13.0
71.0  12.0
72.0  12.0
73.0  12.0
74.0  12.0
75.0  12.0
76.0  14.0
77.0  15.0
78.0  16.0
79.0  16.0
80.0  17.0
81.0  16.0
82.0  16.0
83.0  15.0
84.0  15.0
85.0  17.0
86.0  17.0
87.0  17.0
88.0  16.0
89.0  13.0
90.0  11.0
91.0  12.0
92.0  12.0
93.0  10.0
94.0  11.0
95.0  11.0
96.0  11.0
97.0  11.0
98.0  11.0
99.0  16.0
100.0  16.0
100.0  16.0
