1.0  248.1424
2.0  1092.941234689954
3.0  1393.1626999142532
4.0  1706.9528528752805
5.0  2151.380784083865
6.0  2465.620956152931
7.0  3175.828589868672
8.0  4128.124331496135
9.0  4162.249466636492
10.0  4690.647712901253
11.0  4713.444905267933
12.0  3649.849239386244
13.0  3394.346430989756
14.0  3955.43118550256
15.0  3786.0032502680237
16.0  3504.287003888521
17.0  3501.6745579526373
18.0  3122.079815255724
19.0  3184.319999746732
20.0  2493.4849307887857
21.0  1328.5357873187013
22.0  3118.141271828926
23.0  2712.5775800730257
24.0  1963.7210132514883
25.0  1528.9281674081362
26.0  1849.9024357364492
27.0  2081.2031812398814
28.0  2906.131563227992
29.0  3176.5524651020623
30.0  3631.897460457551
31.0  4443.222339841837
32.0  3668.614835235936
33.0  4142.137400073899
34.0  4282.35315182026
35.0  4554.123026448262
36.0  3636.554837978608
37.0  3797.4204775005282
38.0  3067.847277034026
39.0  4553.763052032036
40.0  3642.437339011796
41.0  3616.9147378487346
42.0  3772.6066922255095
43.0  3012.4298063612555
44.0  2102.47744469932
45.0  2374.5925706764674
46.0  2018.8162961234395
47.0  3455.382093807668
48.0  3270.499930542147
49.0  3073.5148348181747
50.0  1642.7708208800484
51.0  1706.2451732582372
52.0  1700.6219875882764
53.0  3590.721562526501
54.0  3182.382378097866
55.0  4089.1993361643035
56.0  3895.887243799651
57.0  3274.280282274802
58.0  3234.833837411217
59.0  3619.9281256089153
60.0  3805.695846598015
61.0  4121.866835675781
62.0  4397.208730870556
63.0  3377.5995730093055
64.0  3235.3766959952727
65.0  3595.2027284479054
66.0  4243.52249865901
67.0  4716.726785467569
68.0  3296.23415680457
69.0  2688.736267836065
70.0  2378.5269853663444
71.0  2872.932692177846
72.0  2963.1229716202965
73.0  2773.220846953897
74.0  2861.2897415974217
75.0  3735.7145349981506
76.0  3742.851358491595
77.0  3455.2709707058975
78.0  4457.306667795725
79.0  4177.714812215974
80.0  4209.818587588566
81.0  3332.1342356725595
82.0  3754.0576876300565
83.0  2690.2102108434437
84.0  3152.0196664666632
85.0  3303.7922543095074
86.0  2714.8369647542536
87.0  2463.2739684915687
88.0  2714.613416328564
89.0  2239.4878080234985
90.0  2548.7231523522905
91.0  2482.8289533093844
92.0  2719.5179113787453
93.0  2960.45862626142
94.0  3458.2440584049236
95.0  2992.6766535964853
96.0  2983.474526841998
97.0  3561.3752638423666
98.0  3997.6795024198877
99.0  6605.177112587675
100.0  4407.431135467621
100.0  4253.346186059494
