1.0  213.94560000000004
2.0  925.9375817901906
3.0  1164.2249334627827
4.0  1582.187158435542
5.0  1871.6949956045337
6.0  2199.316651954791
7.0  3225.863036967064
8.0  3163.378303144158
9.0  3253.8507253743073
10.0  4106.782395462325
11.0  1738.9285480966287
12.0  2446.743639831
13.0  3156.0841484343914
14.0  3196.2477291140012
15.0  2925.5188638718796
16.0  2574.3532757956114
17.0  3317.957666317319
18.0  2710.2161365723905
19.0  3075.5456791672036
20.0  3295.3237688260538
21.0  3316.4105183544316
22.0  3207.8991028035075
23.0  3379.2211478822423
24.0  1733.6127727461821
25.0  1386.235195119841
26.0  1503.5340694806869
27.0  1515.5530928908277
28.0  1448.050254011379
29.0  1882.5264573325414
30.0  3733.724139362091
31.0  3516.441683199796
32.0  3412.9963788211494
33.0  3448.9960046145807
34.0  2988.431581489747
35.0  2357.566587141434
36.0  2127.878606212145
37.0  3149.164507608049
38.0  3358.9814561390563
39.0  4348.744285067507
40.0  3628.177189996281
41.0  3511.6969557108196
42.0  3205.8308690149424
43.0  4626.370656801259
44.0  3651.1254663597206
45.0  2930.6909161141593
46.0  3289.330330849747
47.0  3720.245511481693
48.0  2637.508745595266
49.0  2448.3092234916408
50.0  2340.209634912705
51.0  3003.5047366817557
52.0  3059.833445508885
53.0  2794.364121450378
54.0  3133.0037358476507
55.0  3145.986757481998
56.0  3325.007415851407
57.0  2472.4571000942187
58.0  1980.923202914573
59.0  2199.8967894966017
60.0  1844.0623372362656
61.0  711.7067722182148
62.0  1556.0746545478246
63.0  2042.0045458130078
64.0  1955.1225076908563
65.0  1780.8883639330656
66.0  2112.2410885476247
67.0  4624.615792203946
68.0  3947.4381047594475
69.0  3219.7055625000003
70.0  3122.8612982369104
71.0  4439.677894892548
72.0  4362.421737314354
73.0  3983.9264426592704
74.0  5560.659311721555
75.0  4600.982269482009
76.0  4357.17824687056
77.0  4751.519635826729
78.0  4120.417002349776
79.0  4807.0499831822435
80.0  4185.128023967315
81.0  3595.876172180698
82.0  3329.470912378711
83.0  2135.159788363373
84.0  2002.5552645002365
85.0  1883.2798131565717
86.0  2139.0486666872503
87.0  1897.1793760260034
88.0  2079.3524071174834
89.0  2447.263967776737
90.0  1686.9575023195137
91.0  1843.9858748038844
92.0  1836.8512464777848
93.0  2244.2444992419128
94.0  3241.409853909379
95.0  2658.4229128687134
96.0  3381.904569298738
97.0  3147.924003019253
98.0  3239.0189309924267
99.0  2526.3773433374904
100.0  2687.0122425714358
100.0  2269.1739374351864
