1.0  517.0
2.0  1858.0
3.0  1951.0
4.0  2606.0
5.0  4159.0
6.0  4180.0
7.0  4186.0
8.0  4198.0
9.0  4144.0
10.0  4176.0
11.0  4185.0
12.0  4176.0
13.0  4174.0
14.0  4171.0
15.0  4182.0
16.0  4177.0
17.0  4181.0
18.0  4157.0
19.0  4181.0
20.0  4152.0
21.0  4155.0
22.0  4183.0
23.0  4177.0
24.0  4178.0
25.0  4190.0
26.0  4184.0
27.0  4184.0
28.0  4166.0
29.0  4166.0
30.0  4200.0
31.0  4170.0
32.0  4169.0
33.0  4187.0
34.0  4174.0
35.0  4171.0
36.0  4164.0
37.0  4167.0
38.0  4195.0
39.0  4173.0
40.0  4186.0
41.0  4171.0
42.0  4190.0
43.0  4152.0
44.0  4185.0
45.0  4180.0
46.0  4170.0
47.0  4185.0
48.0  4178.0
49.0  4185.0
50.0  4182.0
51.0  4190.0
52.0  4178.0
53.0  4167.0
54.0  4188.0
55.0  4179.0
56.0  4177.0
57.0  4183.0
58.0  4174.0
59.0  4199.0
60.0  4176.0
61.0  4170.0
62.0  4158.0
63.0  4183.0
64.0  4174.0
65.0  4174.0
66.0  4166.0
67.0  4176.0
68.0  4171.0
69.0  4174.0
70.0  4171.0
71.0  4195.0
72.0  4190.0
73.0  4173.0
74.0  4187.0
75.0  4158.0
76.0  4182.0
77.0  4186.0
78.0  4169.0
79.0  4164.0
80.0  4181.0
81.0  4195.0
82.0  4184.0
83.0  4185.0
84.0  4164.0
85.0  4179.0
86.0  4185.0
87.0  4169.0
88.0  4172.0
89.0  4180.0
90.0  4186.0
91.0  4187.0
92.0  4205.0
93.0  4197.0
94.0  4197.0
95.0  4183.0
96.0  4186.0
97.0  4185.0
98.0  4187.0
99.0  4181.0
100.0  4178.0
100.0  4178.0
