1.0  21.0
2.0  20.0
3.0  21.0
4.0  21.0
5.0  17.0
6.0  17.0
7.0  17.0
8.0  16.0
9.0  13.0
10.0  15.0
11.0  19.0
12.0  19.0
13.0  20.0
14.0  25.0
15.0  30.0
16.0  32.0
17.0  38.0
18.0  47.0
19.0  53.0
20.0  57.0
21.0  67.0
22.0  71.0
23.0  75.0
24.0  79.0
25.0  84.0
26.0  92.0
27.0  93.0
28.0  99.0
29.0  93.0
30.0  89.0
31.0  95.0
32.0  97.0
33.0  106.0
34.0  106.0
35.0  111.0
36.0  118.0
37.0  117.0
38.0  116.0
39.0  121.0
40.0  134.0
41.0  135.0
42.0  129.0
43.0  120.0
44.0  117.0
45.0  118.0
46.0  113.0
47.0  112.0
48.0  68.0
49.0  77.0
50.0  71.0
51.0  70.0
52.0  87.0
53.0  93.0
54.0  106.0
55.0  116.0
56.0  132.0
57.0  138.0
58.0  120.0
59.0  104.0
60.0  97.0
61.0  106.0
62.0  105.0
63.0  97.0
64.0  102.0
65.0  104.0
66.0  106.0
67.0  100.0
68.0  102.0
69.0  104.0
70.0  100.0
71.0  100.0
72.0  70.0
73.0  74.0
74.0  85.0
75.0  85.0
76.0  86.0
77.0  80.0
78.0  11.0
79.0  9.0
80.0  18.0
81.0  30.0
82.0  31.0
83.0  38.0
84.0  41.0
85.0  50.0
86.0  53.0
87.0  60.0
88.0  62.0
89.0  64.0
90.0  70.0
91.0  66.0
92.0  63.0
93.0  66.0
94.0  69.0
95.0  71.0
96.0  73.0
97.0  78.0
98.0  68.0
99.0  79.0
100.0  72.0
100.0  70.0
