1.0  321.0
2.0  387.0
3.0  459.0
4.0  418.0
5.0  420.0
6.0  417.0
7.0  555.0
8.0  560.0
9.0  964.0
10.0  694.0
11.0  561.0
12.0  442.0
13.0  423.0
14.0  423.0
15.0  423.0
16.0  460.0
17.0  455.0
18.0  649.0
19.0  913.0
20.0  674.0
21.0  691.0
22.0  474.0
23.0  656.0
24.0  689.0
25.0  659.0
26.0  722.0
27.0  461.0
28.0  659.0
29.0  659.0
30.0  434.0
31.0  452.0
32.0  443.0
33.0  428.0
34.0  429.0
35.0  428.0
36.0  590.0
37.0  911.0
38.0  525.0
39.0  565.0
40.0  428.0
41.0  575.0
42.0  565.0
43.0  696.0
44.0  721.0
45.0  680.0
46.0  732.0
47.0  686.0
48.0  586.0
49.0  546.0
50.0  448.0
51.0  472.0
52.0  451.0
53.0  426.0
54.0  453.0
55.0  560.0
56.0  488.0
57.0  860.0
58.0  1113.0
59.0  470.0
60.0  449.0
61.0  661.0
62.0  471.0
63.0  463.0
64.0  449.0
65.0  585.0
66.0  482.0
67.0  480.0
68.0  707.0
69.0  679.0
70.0  964.0
71.0  680.0
72.0  991.0
73.0  735.0
74.0  740.0
75.0  600.0
76.0  859.0
77.0  671.0
78.0  778.0
79.0  977.0
80.0  689.0
81.0  776.0
82.0  728.0
83.0  771.0
84.0  872.0
85.0  1007.0
86.0  1012.0
87.0  1020.0
88.0  1009.0
89.0  731.0
90.0  1005.0
91.0  1000.0
92.0  1175.0
93.0  997.0
94.0  739.0
95.0  871.0
96.0  1119.0
97.0  990.0
98.0  1003.0
99.0  760.0
100.0  856.0
100.0  835.0
