1.0  218.00572828766616
2.0  560.8390777565452
3.0  828.5137180715145
4.0  997.0442756270282
5.0  1097.352976676801
6.0  1229.8552252531028
7.0  1287.6604714735392
8.0  1274.5426880662174
9.0  1441.6549682238071
10.0  1724.3113062289626
11.0  970.8324922334409
12.0  872.8208820587153
13.0  593.0764695394779
14.0  675.4729310396715
15.0  672.2095647849982
16.0  649.4770155168028
17.0  654.8216098315838
18.0  511.8750916358189
19.0  694.9265338664571
20.0  545.3788639007735
21.0  589.7447604992534
22.0  754.905467640779
23.0  388.02621235127714
24.0  394.7363544320368
25.0  698.4597635334766
26.0  828.325308796362
27.0  896.1945004770579
28.0  1222.3745772873058
29.0  999.0605018711422
30.0  785.370788712522
31.0  1245.8824838384687
32.0  1362.0722892770768
33.0  1528.6830676361171
34.0  1575.046026416535
35.0  1469.0464405277094
36.0  1581.6052159028334
37.0  1625.9787976650712
38.0  1421.0871137633653
39.0  1157.064234111298
40.0  1162.526107934625
41.0  1316.2635120016914
42.0  1362.7661287563262
43.0  428.0404565149527
44.0  1198.301703351153
45.0  1044.9527040900975
46.0  1521.5570518823365
47.0  1364.2715809069393
48.0  1472.2942588723508
49.0  1142.879932612918
50.0  1950.2234499391493
51.0  1990.8238165929122
52.0  983.9363834951458
53.0  1716.7288743519557
54.0  162.78392584097858
55.0  1932.938534292773
56.0  2223.7291887479523
57.0  1970.8631083171265
58.0  1993.6800323220373
59.0  1991.0527067045734
60.0  1948.837786774629
61.0  1789.6303848752318
62.0  1923.759643719896
63.0  1935.9936504744755
64.0  1811.6637213403874
65.0  1481.117939106077
66.0  1687.1990153769839
67.0  1671.5780639460968
68.0  1658.350818566753
69.0  1586.8313761016605
70.0  1730.8301263775152
71.0  1858.6330058697206
72.0  1640.5362722757811
73.0  1467.3798685583301
74.0  1705.6369699098473
75.0  1745.6348329387
76.0  1585.006371615313
77.0  1481.8325118138844
78.0  1521.1179721166036
79.0  1485.9898584298599
80.0  1381.3163927101707
81.0  1361.492084423514
82.0  1442.8452839506183
83.0  1506.3547953216373
84.0  1621.2369111969103
85.0  1457.0904184831834
86.0  1630.2550281618014
87.0  1515.7217415470132
88.0  1649.9010691823903
89.0  1521.9574477117615
90.0  1418.8703241296523
91.0  1621.9179142043133
92.0  1487.5345439153436
93.0  1602.5234161378087
94.0  1472.797975445097
95.0  1507.540961718021
96.0  1471.68917634052
97.0  1533.6969616724734
98.0  1591.8595263290508
99.0  1496.7700000000007
100.0  1426.9352805963824
100.0  1460.6928712871281
