1.0  32.0
2.0  23.0
3.0  24.0
4.0  20.0
5.0  21.0
6.0  22.0
7.0  14.0
8.0  16.0
9.0  17.0
10.0  14.0
11.0  16.0
12.0  14.0
13.0  16.0
14.0  14.0
15.0  13.0
16.0  13.0
17.0  13.0
18.0  15.0
19.0  18.0
20.0  16.0
21.0  15.0
22.0  17.0
23.0  16.0
24.0  14.0
25.0  14.0
26.0  13.0
27.0  15.0
28.0  20.0
29.0  17.0
30.0  9.0
31.0  13.0
32.0  12.0
33.0  13.0
34.0  16.0
35.0  19.0
36.0  22.0
37.0  22.0
38.0  19.0
39.0  19.0
40.0  14.0
41.0  19.0
42.0  20.0
43.0  9.0
44.0  17.0
45.0  12.0
46.0  17.0
47.0  11.0
48.0  24.0
49.0  10.0
50.0  18.0
51.0  36.0
52.0  5.0
53.0  27.0
54.0  3.0
55.0  101.0
56.0  131.0
57.0  167.0
58.0  177.0
59.0  201.0
60.0  209.0
61.0  230.0
62.0  194.0
63.0  218.0
64.0  216.0
65.0  230.0
66.0  192.0
67.0  184.0
68.0  175.0
69.0  170.0
70.0  157.0
71.0  161.0
72.0  163.0
73.0  169.0
74.0  169.0
75.0  181.0
76.0  255.0
77.0  262.0
78.0  263.0
79.0  259.0
80.0  270.0
81.0  273.0
82.0  270.0
83.0  276.0
84.0  259.0
85.0  266.0
86.0  248.0
87.0  254.0
88.0  212.0
89.0  211.0
90.0  238.0
91.0  225.0
92.0  225.0
93.0  211.0
94.0  208.0
95.0  204.0
96.0  201.0
97.0  205.0
98.0  189.0
99.0  192.0
100.0  202.0
100.0  202.0
