1.0  347.0
2.0  345.0
3.0  364.0
4.0  363.0
5.0  424.0
6.0  420.0
7.0  408.0
8.0  419.0
9.0  422.0
10.0  418.0
11.0  422.0
12.0  423.0
13.0  365.0
14.0  427.0
15.0  429.0
16.0  425.0
17.0  428.0
18.0  429.0
19.0  364.0
20.0  412.0
21.0  425.0
22.0  420.0
23.0  351.0
24.0  250.0
25.0  252.0
26.0  142.0
27.0  142.0
28.0  142.0
29.0  202.0
30.0  143.0
31.0  143.0
32.0  142.0
33.0  142.0
34.0  155.0
35.0  190.0
36.0  206.0
37.0  383.0
38.0  341.0
39.0  343.0
40.0  361.0
41.0  419.0
42.0  420.0
43.0  402.0
44.0  354.0
45.0  347.0
46.0  355.0
47.0  418.0
48.0  354.0
49.0  406.0
50.0  377.0
51.0  400.0
52.0  390.0
53.0  324.0
54.0  395.0
55.0  966.0
56.0  387.0
57.0  778.0
58.0  661.0
59.0  771.0
60.0  447.0
61.0  861.0
62.0  638.0
63.0  649.0
64.0  594.0
65.0  769.0
66.0  836.0
67.0  616.0
68.0  766.0
69.0  732.0
70.0  976.0
71.0  786.0
72.0  750.0
73.0  993.0
74.0  1086.0
75.0  1722.0
76.0  1796.0
77.0  2475.0
78.0  2520.0
79.0  2523.0
80.0  1801.0
81.0  2196.0
82.0  1841.0
83.0  1714.0
84.0  1421.0
85.0  1737.0
86.0  1858.0
87.0  1430.0
88.0  2773.0
89.0  1664.0
90.0  2664.0
91.0  2621.0
92.0  1882.0
93.0  1875.0
94.0  2231.0
95.0  2220.0
96.0  1892.0
97.0  1991.0
98.0  1862.0
99.0  2181.0
100.0  1847.0
100.0  1860.0
