1.0  311.387501253972
2.0  431.30547198365775
3.0  850.9655741612884
4.0  856.3059455868892
5.0  997.1676286077137
6.0  1223.9609166561722
7.0  1217.7833276730794
8.0  1229.2408024700815
9.0  1216.3982832465676
10.0  1251.0516660578808
11.0  902.9382912349758
12.0  768.3608795116637
13.0  754.7492373912737
14.0  928.2105911660968
15.0  1037.827587815828
16.0  1092.9162515786445
17.0  1035.6339584762848
18.0  984.493245373991
19.0  976.5304501356984
20.0  974.7811441450041
21.0  964.7497382760388
22.0  995.2160000532558
23.0  988.8430687830686
24.0  972.4585515998031
25.0  988.7397108843536
26.0  980.2874466798385
27.0  969.4845738625825
28.0  896.9658352229784
29.0  983.1882153871805
30.0  970.4836811128943
31.0  939.5458212197161
32.0  959.797418862161
33.0  969.0217250673853
34.0  971.3535669362087
35.0  949.6099819819821
36.0  936.5755447941885
37.0  975.0868580434536
38.0  931.0304269293922
39.0  1042.417594123049
40.0  967.335671641791
41.0  973.801996976569
42.0  1000.9602067183466
43.0  969.6910675620676
44.0  915.8145241686417
45.0  1026.128276525734
46.0  904.1347395377484
47.0  983.6791027039745
48.0  897.7327375565617
49.0  859.6160274908865
50.0  863.5025843952604
51.0  897.4403605442178
52.0  959.4496442255064
53.0  1024.9854035059439
54.0  1023.1761357865539
55.0  1038.029460654288
56.0  1050.0266936208443
57.0  986.7297722567295
58.0  997.7890676883782
59.0  963.6592399267399
60.0  1000.3266858596195
61.0  1100.3406680408016
62.0  969.8483111808823
63.0  1074.727932718394
64.0  1039.7215561418361
65.0  973.2512393162399
66.0  982.8968481321696
67.0  1030.0239981731058
68.0  1076.6414716031343
69.0  1036.3672656940762
70.0  1089.9387714285713
71.0  967.1091511261525
72.0  1006.3244264831097
73.0  1158.6122133621477
74.0  1187.3130598010664
75.0  1329.8575542026927
76.0  1292.1887608825286
77.0  1527.7189504596706
78.0  1935.816348357525
79.0  1896.6823914551258
80.0  2106.209942788522
81.0  2211.184003140786
82.0  2216.9020468645654
83.0  2432.5593667189955
84.0  2286.3471194048907
85.0  2638.8702278817027
86.0  2832.8738311844586
87.0  2934.6183586650163
88.0  3059.5005234661694
89.0  2844.4868923306926
90.0  2823.8445151208307
91.0  2622.0646481139934
92.0  2938.476812001153
93.0  2786.669201430377
94.0  2702.37710372873
95.0  2660.0305795807903
96.0  2611.8238779667818
97.0  2679.8333905276013
98.0  2975.1533786196496
99.0  2988.830125786764
100.0  3014.614090177134
100.0  3208.478067556739
