1.0  163.0
2.0  18.0
3.0  18.0
4.0  17.0
5.0  17.0
6.0  14.0
7.0  14.0
8.0  16.0
9.0  17.0
10.0  12.0
11.0  12.0
12.0  14.0
13.0  15.0
14.0  16.0
15.0  17.0
16.0  17.0
17.0  13.0
18.0  14.0
19.0  16.0
20.0  14.0
21.0  18.0
22.0  14.0
23.0  15.0
24.0  16.0
25.0  14.0
26.0  16.0
27.0  14.0
28.0  18.0
29.0  18.0
30.0  9.0
31.0  13.0
32.0  14.0
33.0  16.0
34.0  16.0
35.0  14.0
36.0  16.0
37.0  17.0
38.0  7.0
39.0  12.0
40.0  14.0
41.0  35.0
42.0  48.0
43.0  64.0
44.0  66.0
45.0  76.0
46.0  79.0
47.0  82.0
48.0  81.0
49.0  91.0
50.0  84.0
51.0  84.0
52.0  69.0
53.0  70.0
54.0  63.0
55.0  2.0
56.0  2.0
57.0  5.0
58.0  29.0
59.0  45.0
60.0  59.0
61.0  79.0
62.0  66.0
63.0  59.0
64.0  69.0
65.0  85.0
66.0  94.0
67.0  94.0
68.0  99.0
69.0  97.0
70.0  76.0
71.0  77.0
72.0  85.0
73.0  95.0
74.0  103.0
75.0  124.0
76.0  124.0
77.0  134.0
78.0  147.0
79.0  155.0
80.0  163.0
81.0  161.0
82.0  157.0
83.0  122.0
84.0  130.0
85.0  132.0
86.0  119.0
87.0  126.0
88.0  125.0
89.0  132.0
90.0  128.0
91.0  150.0
92.0  149.0
93.0  136.0
94.0  144.0
95.0  134.0
96.0  130.0
97.0  137.0
98.0  122.0
99.0  127.0
100.0  115.0
100.0  109.0
