1.0  64.21749559501481
2.0  57.48856421222236
3.0  48.76791693422024
4.0  56.27258841342346
5.0  57.19796616337259
6.0  58.87090494018414
7.0  63.143614429586975
8.0  64.248080474315
9.0  61.905664080267876
10.0  64.99585157910639
11.0  71.00616323429333
12.0  63.30606439933423
13.0  64.6589454184456
14.0  64.23972454071975
15.0  67.70854608497686
16.0  69.23773165565535
17.0  67.09636751206536
18.0  65.01806707409067
19.0  68.27322194238724
20.0  63.97118413815636
21.0  63.867632082623444
22.0  67.59270707467508
23.0  75.6763263519685
24.0  64.53251723114148
25.0  64.96356089916793
26.0  69.60334764761905
27.0  67.32408797194282
28.0  58.82413810928454
29.0  59.01120722293923
30.0  57.830212736769795
31.0  57.623171434295465
32.0  61.74930637715822
33.0  61.611476233968226
34.0  63.794627710624525
35.0  64.47599618283098
36.0  68.55230245071206
37.0  66.97899466679473
38.0  60.4580531461298
39.0  59.14425953384583
40.0  60.312542442137556
41.0  67.5458181285993
42.0  74.88596073616469
43.0  77.59742120095146
44.0  79.5059772891544
45.0  64.73687987149347
46.0  65.3772862121012
47.0  77.43350401137971
48.0  76.05765991418869
49.0  78.64144628210882
50.0  81.7416744827526
51.0  79.33375901495424
52.0  76.20076212686833
53.0  68.48223763718141
54.0  69.20073059584028
55.0  66.5761549008884
56.0  66.94946301185574
57.0  67.25646759930933
58.0  66.37157241154543
59.0  75.0889705762641
60.0  73.96424091916285
61.0  82.47815676357379
62.0  82.93745706559679
63.0  78.27636978187533
64.0  72.60681941534949
65.0  72.628796826076
66.0  73.25982897692226
67.0  67.92719650553293
68.0  67.24724872262746
69.0  75.21708472473466
70.0  70.94400812503515
71.0  67.15845521396457
72.0  69.72429370057716
73.0  71.08509037765867
74.0  69.96304335389341
75.0  71.15790044319512
76.0  67.9652142140703
77.0  70.67694134653988
78.0  79.88670774504203
79.0  69.54481694059861
80.0  69.84963416798236
81.0  71.51089069197391
82.0  75.40829362481776
83.0  69.37216398108941
84.0  72.04885097237131
85.0  73.11469024163483
86.0  71.23932236183857
87.0  74.25294442185698
88.0  70.14795919645242
89.0  79.40759359279856
90.0  87.98578892094278
91.0  70.0669916691269
92.0  77.84241313892134
93.0  67.24241652225751
94.0  70.57944488425929
95.0  84.10376836359151
96.0  74.40618778270266
97.0  71.00199240747894
98.0  73.51989441757144
99.0  73.2543515763427
100.0  77.06256410704111
100.0  73.15816624763558
