1.0  278.4027135240778
2.0  290.7424062558056
3.0  278.00399027306054
4.0  295.24157234308325
5.0  307.9802596372834
6.0  302.2304247847665
7.0  316.8469223050701
8.0  322.52798512364404
9.0  319.74360290603136
10.0  350.10450761449596
11.0  166.8108705240012
12.0  174.3428745162612
13.0  162.07162961259354
14.0  174.39270565422788
15.0  162.46638053610718
16.0  161.17228890042117
17.0  78.06247341162933
18.0  150.51816513101684
19.0  164.33135982959064
20.0  137.27698835346416
21.0  186.23009529137673
22.0  161.5786882601637
23.0  180.31214354133576
24.0  199.64604515061208
25.0  185.07465234869753
26.0  214.48765963185494
27.0  197.48932545898825
28.0  223.7084561444512
29.0  193.67041436903082
30.0  75.12808440737831
31.0  206.80388529686695
32.0  249.9241758957905
33.0  240.2438209109274
34.0  247.00797328561777
35.0  260.8755186353739
36.0  292.18514000909767
37.0  308.77043421725176
38.0  162.24098456422897
39.0  298.0940835923387
40.0  332.0128051724973
41.0  425.48074508308133
42.0  441.7852138623311
43.0  433.61748336005985
44.0  472.0235082842105
45.0  474.53240484318945
46.0  471.7841379700532
47.0  470.32105735042916
48.0  472.13913819325353
49.0  453.51288492710705
50.0  467.76237936374207
51.0  395.4661987994992
52.0  414.3808316595238
53.0  362.9147983139767
54.0  365.9819800644918
55.0  238.15960880492827
56.0  234.65436959235433
57.0  338.7643570174431
58.0  369.9287561744984
59.0  369.0103210812623
60.0  379.2244803631949
61.0  373.398690999245
62.0  356.94704958492616
63.0  354.09809717236124
64.0  351.9470582464685
65.0  352.7137337420361
66.0  355.0558115330114
67.0  349.692296640391
68.0  350.5592143602142
69.0  356.57318135951965
70.0  333.29583063869154
71.0  320.6520138095576
72.0  333.1895408252216
73.0  337.4724778976723
74.0  331.9451122248466
75.0  331.13717567117845
76.0  326.3848814200159
77.0  332.4070435692986
78.0  348.007541118732
79.0  353.0101416443267
80.0  358.8499088266577
81.0  345.26095120733714
82.0  338.5282699425499
83.0  328.02752814597255
84.0  311.45431450202403
85.0  296.95447618213205
86.0  334.0926709179755
87.0  334.6582753641196
88.0  328.58949158781235
89.0  321.3753416015925
90.0  340.30764446526143
91.0  366.6772972515865
92.0  370.6884911550371
93.0  381.191085131953
94.0  349.55729699688084
95.0  364.71861551183116
96.0  375.1732111257267
97.0  357.5191561090315
98.0  377.8002446755062
99.0  359.7111720672994
100.0  348.61189319779925
100.0  333.5712019658264
