1.0  53.976442593544746
2.0  55.303599796019284
3.0  58.163950095265996
4.0  64.70801236969838
5.0  62.26353310751097
6.0  64.53383732282904
7.0  60.77912388200842
8.0  65.19489519041448
9.0  64.1662633812788
10.0  63.0090544668368
11.0  63.64636589256085
12.0  65.4108457541947
13.0  66.69096201545239
14.0  68.4617256949947
15.0  68.17257078979519
16.0  68.9654831628659
17.0  66.22017570129844
18.0  71.15079906211616
19.0  69.49921303258049
20.0  66.91890538534875
21.0  67.91437817050321
22.0  69.00619609493981
23.0  69.00763508710676
24.0  74.72466614929374
25.0  69.6442679082072
26.0  70.2200298591744
27.0  67.9847424673442
28.0  69.21370378477775
29.0  74.45014886628202
30.0  76.22454077247403
31.0  72.49739318032661
32.0  73.74241788428357
33.0  70.46728343507294
34.0  72.5662935771217
35.0  73.47132037650482
36.0  71.10237451413546
37.0  70.00612414463528
38.0  72.32300179887156
39.0  70.73277175188466
40.0  71.6147951005964
41.0  72.59622623080999
42.0  73.91267117947677
43.0  72.76178445474424
44.0  71.05711596299427
45.0  73.76175672934393
46.0  71.39707913337038
47.0  71.75751784136258
48.0  70.62204098075073
49.0  72.48662870543077
50.0  74.50361904205317
51.0  71.04651548408697
52.0  74.30216793922777
53.0  73.0053490023804
54.0  74.37890178654062
55.0  73.69786173304509
56.0  74.4092443633335
57.0  70.56098754929417
58.0  78.14450254723143
59.0  72.46956279428946
60.0  78.34400843239823
61.0  78.99604565700193
62.0  86.77755665854683
63.0  75.81043009277192
64.0  70.30053885368623
65.0  72.10738527738289
66.0  67.47937181706973
67.0  69.47575821737865
68.0  97.75566253810929
69.0  85.67137860114941
70.0  96.40021683290121
71.0  81.93512787062755
72.0  92.74882112291255
73.0  67.87600979563095
74.0  79.7288881447698
75.0  67.22849060073133
76.0  67.86411500042877
77.0  71.25868591374588
78.0  70.42211963778931
79.0  72.97786886030151
80.0  72.9630340555594
81.0  72.10625219414703
82.0  68.77478594857894
83.0  69.41996831055616
84.0  66.84079288824508
85.0  64.64312656001462
86.0  69.37327897656691
87.0  69.25269971752668
88.0  72.09991778387467
89.0  67.35479187053788
90.0  69.09929163396944
91.0  69.48994139546525
92.0  68.07338172982998
93.0  70.45402949698826
94.0  69.81982783206452
95.0  66.73122411796871
96.0  75.39661119145252
97.0  76.16978437545147
98.0  74.19774395594887
99.0  76.38190428701476
100.0  69.14694025756283
100.0  74.81141395766687
