1.0  279.2849167315322
2.0  277.2079526229245
3.0  304.0832273706345
4.0  306.5942276367184
5.0  319.5994820432189
6.0  326.08353815897397
7.0  348.48943835749856
8.0  360.56806693733245
9.0  354.7993679804885
10.0  354.65074667594433
11.0  185.7190395960454
12.0  174.60193820899113
13.0  143.5673899884044
14.0  71.04791285551765
15.0  48.4487950455448
16.0  134.57794977379177
17.0  227.09874093350518
18.0  264.6703070095626
19.0  302.5182759418786
20.0  318.91133024000555
21.0  256.9796245577957
22.0  310.2356123830814
23.0  306.69788193560584
24.0  348.64710307117787
25.0  355.5023101248892
26.0  347.9814513100701
27.0  322.3317483915041
28.0  333.7116537444246
29.0  337.52557798563134
30.0  337.5083179221805
31.0  328.37216681804006
32.0  331.40422292717227
33.0  329.980712872193
34.0  277.60605986770133
35.0  296.47809029628223
36.0  313.03846066526546
37.0  306.53447461770804
38.0  323.4616759008589
39.0  339.720538721294
40.0  346.2027327082542
41.0  340.6423912486621
42.0  341.32427233432725
43.0  317.00462828917216
44.0  298.19977701436494
45.0  283.90427291013935
46.0  286.31137968746486
47.0  282.98980585742885
48.0  284.60715518204194
49.0  232.68581649895475
50.0  223.32660846389146
51.0  223.66633978463267
52.0  212.598043659506
53.0  224.2525315581437
54.0  228.2034135914132
55.0  221.96826261549862
56.0  234.01926079317255
57.0  219.9836678055469
58.0  225.98654927380713
59.0  197.109670293306
60.0  174.47222422093165
61.0  147.67615563991114
62.0  150.64693628814555
63.0  127.54939704556467
64.0  112.39777737896743
65.0  120.43320329426187
66.0  107.66624473430277
67.0  108.64776073450757
68.0  86.45936041848118
69.0  90.37714240842142
70.0  92.76744827676885
71.0  118.67266182627162
72.0  117.55906397927426
73.0  96.49453743312928
74.0  98.7025615454438
75.0  104.7252855030786
76.0  140.58864335104897
77.0  145.0589131948591
78.0  169.8220891634641
79.0  243.64684709194637
80.0  241.04574722139094
81.0  216.39584665705178
82.0  215.5778860764052
83.0  226.32180469403073
84.0  234.38320430991723
85.0  207.14779599498962
86.0  193.73617254625535
87.0  221.9816341030663
88.0  209.91886153390192
89.0  170.84034330068647
90.0  144.29336022053343
91.0  140.90449422366302
92.0  164.09429943350682
93.0  168.91978989730436
94.0  160.63658990264275
95.0  158.20237961634862
96.0  181.02498480870793
97.0  149.31988010584828
98.0  177.0721789545758
99.0  157.7501663684402
100.0  174.64257859203073
100.0  193.7586849209999
