1.0  5967.3525390625
2.0  25164.837890625
3.0  28845.205078125
4.0  30238.0859375
5.0  30585.681640625
6.0  30884.05078125
7.0  31182.41796875
8.0  52074.65234375
9.0  31281.873046875
10.0  52621.16015625
11.0  53316.8515625
12.0  53865.359375
13.0  53516.26171875
14.0  53715.671875
15.0  52522.203125
16.0  53665.9453125
17.0  53716.171875
18.0  53716.171875
19.0  53765.90234375
20.0  52324.79296875
21.0  51877.23828125
22.0  53666.9453125
23.0  51227.77734375
24.0  51529.14453125
25.0  44763.14453125
26.0  30785.09375
27.0  30586.181640625
28.0  30485.7265625
29.0  33718.54296875
30.0  34415.234375
31.0  32625.02734375
32.0  41579.05859375
33.0  43220.078125
34.0  41678.51171875
35.0  42970.9375
36.0  41828.1953125
37.0  43220.078125
38.0  43169.3515625
39.0  43906.640625
40.0  43716.1640625
41.0  43518.9453125
42.0  43906.640625
43.0  43716.1640625
44.0  43269.8046875
45.0  43417.9921875
46.0  42972.4375
47.0  43070.39453125
48.0  41329.91796875
49.0  41331.41796875
50.0  41329.91796875
51.0  41329.91796875
52.0  34464.4609375
53.0  41329.91796875
54.0  41329.91796875
55.0  41329.91796875
56.0  41329.91796875
57.0  41329.91796875
58.0  41329.91796875
59.0  41281.1875
60.0  41329.91796875
61.0  41329.91796875
62.0  41329.91796875
63.0  41329.91796875
64.0  41329.91796875
65.0  41329.91796875
66.0  41329.91796875
67.0  41329.91796875
68.0  41329.91796875
69.0  42125.0625
70.0  41329.91796875
71.0  41329.91796875
72.0  41329.91796875
73.0  41329.91796875
74.0  41131.00390625
75.0  41329.91796875
76.0  41329.91796875
77.0  41329.91796875
78.0  41329.91796875
79.0  41329.91796875
80.0  42970.9375
81.0  45309.0546875
82.0  48883.27734375
83.0  46400.6875
84.0  46625.0859375
85.0  43517.9453125
86.0  43517.9453125
87.0  43517.9453125
88.0  43517.9453125
89.0  43517.9453125
90.0  43517.9453125
91.0  43517.9453125
92.0  43517.9453125
93.0  43517.9453125
94.0  43517.9453125
95.0  43517.9453125
96.0  43517.9453125
97.0  43517.9453125
98.0  43517.9453125
99.0  43517.9453125
100.0  50632.04296875
100.0  52621.16015625
