1.0  13.0
2.0  19.0
3.0  25.0
4.0  37.0
5.0  60.0
6.0  65.0
7.0  54.0
8.0  44.0
9.0  54.0
10.0  51.0
11.0  44.0
12.0  46.0
13.0  49.0
14.0  67.0
15.0  64.0
16.0  59.0
17.0  62.0
18.0  67.0
19.0  100.0
20.0  115.0
21.0  130.0
22.0  71.0
23.0  9.0
24.0  58.0
25.0  6.0
26.0  73.0
27.0  60.0
28.0  3.0
29.0  25.0
30.0  119.0
31.0  126.0
32.0  5.0
33.0  102.0
34.0  10.0
35.0  211.0
36.0  137.0
37.0  167.0
38.0  165.0
39.0  183.0
40.0  194.0
41.0  151.0
42.0  186.0
43.0  197.0
44.0  212.0
45.0  210.0
46.0  209.0
47.0  212.0
48.0  218.0
49.0  208.0
50.0  216.0
51.0  223.0
52.0  211.0
53.0  205.0
54.0  145.0
55.0  153.0
56.0  148.0
57.0  160.0
58.0  148.0
59.0  171.0
60.0  190.0
61.0  211.0
62.0  192.0
63.0  171.0
64.0  174.0
65.0  182.0
66.0  184.0
67.0  166.0
68.0  157.0
69.0  126.0
70.0  104.0
71.0  98.0
72.0  92.0
73.0  92.0
74.0  30.0
75.0  1.0
76.0  1.0
77.0  1.0
78.0  1.0
79.0  1.0
80.0  1.0
81.0  1.0
82.0  1.0
83.0  1.0
84.0  1.0
85.0  1.0
86.0  1.0
87.0  1.0
88.0  1.0
89.0  1.0
90.0  1.0
91.0  1.0
92.0  1.0
93.0  1.0
94.0  1.0
95.0  1.0
96.0  1.0
97.0  1.0
98.0  1.0
99.0  1.0
100.0  1.0
100.0  1.0
