1.0  6596.508991593477
2.0  33505.34667715002
3.0  52313.371913179624
4.0  63479.49569547521
5.0  86713.85428378778
6.0  88019.4352588869
7.0  96018.058632866
8.0  103596.59761649434
9.0  117508.5709027976
10.0  115539.0000224234
11.0  106915.1869983546
12.0  102885.35364622105
13.0  103290.20040369389
14.0  110278.66809147161
15.0  107459.64927101543
16.0  98675.26888453677
17.0  104020.06379865797
18.0  100525.10852624457
19.0  101263.91618857984
20.0  105461.49481190534
21.0  105455.02598326957
22.0  109882.34849199608
23.0  81905.18605472556
24.0  112662.62973567026
25.0  86414.11347057535
26.0  102395.57549782202
27.0  114551.74215710124
28.0  11125.445918354235
29.0  96447.5394946777
30.0  88154.88058608146
31.0  77221.96119265626
32.0  85405.04868174209
33.0  97899.45747680058
34.0  74790.72169195276
35.0  92038.98646660936
36.0  127250.27144217998
37.0  149565.65115504648
38.0  181148.37861882735
39.0  202437.62570570083
40.0  211864.52365824414
41.0  205951.18521446243
42.0  207878.82192433154
43.0  207432.53882061693
44.0  220031.21139633254
45.0  204817.66147693453
46.0  223949.34261589753
47.0  218747.77450880563
48.0  217806.55681171286
49.0  236477.8543429794
50.0  244342.77236177423
51.0  229314.23168914657
52.0  220726.97594603212
53.0  238269.98917647277
54.0  228927.871859385
55.0  241708.95154994391
56.0  218734.63911477156
57.0  224600.21386506292
58.0  258281.6616639833
59.0  256001.379952605
60.0  255411.97199815116
61.0  227295.77092940398
62.0  244508.67847999764
63.0  242004.42687460684
64.0  248953.6201083087
65.0  231486.034501762
66.0  239161.14997813487
67.0  210510.18767727158
68.0  236840.20590113878
69.0  211720.39939649473
70.0  209046.49024839743
71.0  199016.1617325743
72.0  225381.18956512306
73.0  223395.82809703602
74.0  144045.8715156793
75.0  29059.575880859375
76.0  27468.479081054687
77.0  29774.412733398436
78.0  29738.297404296874
79.0  31135.95918261719
80.0  31412.47034375
81.0  30432.24750866699
82.0  33360.9521796875
83.0  34951.46292578125
84.0  35758.393537109376
85.0  34607.19234375
86.0  35476.786745117184
87.0  35741.307436523435
88.0  36307.4807890625
89.0  35924.887494140625
90.0  34981.78232226562
91.0  35625.987599609376
92.0  35526.306833984374
93.0  35710.08382324219
94.0  36016.54440332031
95.0  35736.73640136719
96.0  35511.10607421875
97.0  35357.98248828125
98.0  36903.7224375
99.0  35125.440608398436
100.0  35973.29513085938
100.0  35630.889974609374
