1.0  4059.626960279495
2.0  21855.80319420629
3.0  51384.3869837528
4.0  71710.52957939441
5.0  84711.91529625742
6.0  92045.44124197128
7.0  87801.71917417523
8.0  92178.9823660717
9.0  104468.47245473332
10.0  109502.22701009957
11.0  98249.1728814284
12.0  104928.02331916975
13.0  89599.42428802532
14.0  96723.7897650086
15.0  92239.28027875918
16.0  88803.95110252607
17.0  86185.88018727239
18.0  89619.74320912811
19.0  90498.37842118122
20.0  90888.65378802911
21.0  83115.97963631619
22.0  92565.13801778108
23.0  92977.76919813818
24.0  95955.24125112651
25.0  100218.47344160925
26.0  92277.37017593916
27.0  97584.1765169254
28.0  85569.29506864832
29.0  78893.01019146557
30.0  90290.80105557652
31.0  105252.91933976181
32.0  97015.36052343754
33.0  96094.17805256566
34.0  125469.04983947755
35.0  127276.71048482832
36.0  118683.28208650388
37.0  133566.34845066222
38.0  145959.67111622647
39.0  129521.88382753651
40.0  123117.60282249998
41.0  135363.4843061282
42.0  131210.87287301227
43.0  73134.12077257356
44.0  91366.45146754319
45.0  133739.98656734522
46.0  144685.32138981926
47.0  172779.85455054784
48.0  182403.78407176293
49.0  202241.90493017752
50.0  218927.14423857038
51.0  221845.23953666503
52.0  217964.81087683918
53.0  220137.16084051676
54.0  226191.22980513528
55.0  224926.86784746946
56.0  252961.4199009749
57.0  237297.71904788393
58.0  229161.22923530813
59.0  219507.13416806175
60.0  140794.9225879579
61.0  140371.49605205975
62.0  123507.76517805015
63.0  165548.71664007218
64.0  205229.16973904654
65.0  228357.92171093737
66.0  214535.121249773
67.0  213673.75030985108
68.0  199100.81930083525
69.0  198522.36099525835
70.0  197103.67871494655
71.0  226999.0681696974
72.0  229959.05942616315
73.0  228368.67271154845
74.0  203271.2114015401
75.0  224042.75625913593
76.0  223297.20010429443
77.0  248315.05634819702
78.0  235895.14427712915
79.0  222449.73859649216
80.0  227368.506814359
81.0  206598.49356741158
82.0  212741.45363512082
83.0  193165.91975141672
84.0  228867.1784164907
85.0  238715.16428648532
86.0  241069.38793054273
87.0  283492.3044995533
88.0  255647.27543726593
89.0  306417.23348369286
90.0  310238.2583512617
91.0  298454.85044777906
92.0  307995.13023061777
93.0  306002.4655867878
94.0  285576.6885484617
95.0  261352.0595927322
96.0  239693.57692881435
97.0  226902.7084615442
98.0  250570.8054972556
99.0  273964.04436004354
100.0  334462.5209670594
100.0  344253.4747217011
