1.0  8156.85009765625
2.0  17134.162109375
3.0  17423.736328125
4.0  17570.0234375
5.0  29395.318359375
6.0  18196.935546875
7.0  18197.935546875
8.0  22685.83984375
9.0  22734.103515625
10.0  23988.92578125
11.0  23602.826171875
12.0  23458.0390625
13.0  23602.826171875
14.0  30359.56640625
15.0  30022.23046875
16.0  31663.15234375
17.0  30360.56640625
18.0  30263.041015625
19.0  30457.091796875
20.0  30793.427734375
21.0  29395.818359375
22.0  30889.953125
23.0  30456.591796875
24.0  30408.830078125
25.0  30408.830078125
26.0  30504.353515625
27.0  35862.484375
28.0  35861.984375
29.0  30310.8046875
30.0  30359.56640625
31.0  30504.853515625
32.0  30504.853515625
33.0  37309.35546875
34.0  43102.84765625
35.0  31180.02734375
36.0  43633.734375
37.0  32242.30078125
38.0  43633.734375
39.0  41076.82421875
40.0  41705.23828125
41.0  41994.8125
42.0  44117.47265625
43.0  44979.64453125
44.0  42895.5625
45.0  44333.015625
46.0  44333.015625
47.0  44261.16796875
48.0  44979.64453125
49.0  45266.53515625
50.0  53889.25390625
51.0  54823.7734375
52.0  57121.3984375
53.0  62798.8671875
54.0  61003.67578125
55.0  76238.3828125
56.0  113031.890625
57.0  117272.8984375
58.0  64381.515625
59.0  66609.2890625
60.0  77029.203125
61.0  64668.40625
62.0  66249.0546875
63.0  113606.671875
64.0  127833.5078125
65.0  129343.3125
66.0  114685.8828125
67.0  119066.59375
68.0  120217.15625
69.0  158083.375
70.0  159376.140625
71.0  170300.484375
72.0  168073.203125
73.0  170659.71875
74.0  170732.0625
75.0  170732.0625
76.0  158658.65625
77.0  170586.875
78.0  170227.640625
79.0  168429.4375
80.0  172237.875
81.0  170443.671875
82.0  172096.171875
83.0  159157.59375
84.0  191210.65625
85.0  189199.421875
86.0  157297.609375
87.0  159250.9375
88.0  170828.71875
89.0  205034.890625
90.0  237641.15625
91.0  239680.8125
92.0  207383.625
93.0  210099.0625
94.0  222152.859375
95.0  221827.828125
96.0  230750.578125
97.0  235056.4375
98.0  234158.203125
99.0  239993.234375
100.0  240098.890625
100.0  232361.765625
