1.0  45.0
2.0  23.0
3.0  26.0
4.0  43.0
5.0  72.0
6.0  91.0
7.0  88.0
8.0  42.0
9.0  65.0
10.0  56.0
11.0  61.0
12.0  54.0
13.0  43.0
14.0  52.0
15.0  54.0
16.0  49.0
17.0  48.0
18.0  58.0
19.0  60.0
20.0  65.0
21.0  39.0
22.0  49.0
23.0  63.0
24.0  76.0
25.0  64.0
26.0  43.0
27.0  51.0
28.0  50.0
29.0  30.0
30.0  36.0
31.0  59.0
32.0  75.0
33.0  40.0
34.0  58.0
35.0  63.0
36.0  46.0
37.0  64.0
38.0  66.0
39.0  25.0
40.0  42.0
41.0  62.0
42.0  59.0
43.0  20.0
44.0  34.0
45.0  79.0
46.0  26.0
47.0  38.0
48.0  59.0
49.0  54.0
50.0  63.0
51.0  69.0
52.0  93.0
53.0  98.0
54.0  99.0
55.0  79.0
56.0  85.0
57.0  97.0
58.0  101.0
59.0  36.0
60.0  45.0
61.0  51.0
62.0  47.0
63.0  67.0
64.0  49.0
65.0  24.0
66.0  62.0
67.0  57.0
68.0  78.0
69.0  31.0
70.0  37.0
71.0  88.0
72.0  70.0
73.0  84.0
74.0  98.0
75.0  102.0
76.0  96.0
77.0  99.0
78.0  105.0
79.0  116.0
80.0  123.0
81.0  123.0
82.0  109.0
83.0  102.0
84.0  94.0
85.0  87.0
86.0  90.0
87.0  52.0
88.0  62.0
89.0  71.0
90.0  71.0
91.0  71.0
92.0  67.0
93.0  67.0
94.0  32.0
95.0  35.0
96.0  42.0
97.0  51.0
98.0  63.0
99.0  62.0
100.0  63.0
100.0  67.0
