1.0  578.6666666666666
2.0  922.6666666666666
3.0  944.6666666666666
4.0  1174.6666666666667
5.0  1724.0
6.0  1732.0
7.0  1746.6666666666667
8.0  1758.0
9.0  1746.0
10.0  1751.3333333333333
11.0  1755.3333333333333
12.0  1746.6666666666667
13.0  1756.6666666666667
14.0  1770.0
15.0  1742.6666666666667
16.0  1780.0
17.0  1782.6666666666667
18.0  1826.6666666666667
19.0  1762.6666666666667
20.0  1855.3333333333333
21.0  1860.6666666666667
22.0  1761.3333333333333
23.0  1864.6666666666667
24.0  1750.0
25.0  1761.3333333333333
26.0  1752.0
27.0  1753.3333333333333
28.0  1756.0
29.0  1744.6666666666667
30.0  1753.3333333333333
31.0  1992.0
32.0  2140.0
33.0  2168.6666666666665
34.0  2168.6666666666665
35.0  2172.0
36.0  2150.6666666666665
37.0  2168.6666666666665
38.0  2160.6666666666665
39.0  2158.6666666666665
40.0  2166.0
41.0  2174.6666666666665
42.0  2177.3333333333335
43.0  2172.0
44.0  2180.6666666666665
45.0  2177.3333333333335
46.0  2130.6666666666665
47.0  2168.0
48.0  2182.0
49.0  2146.0
50.0  2186.6666666666665
51.0  2113.3333333333335
52.0  2134.6666666666665
53.0  2152.6666666666665
54.0  2168.6666666666665
55.0  2149.3333333333335
56.0  2145.3333333333335
57.0  2136.0
58.0  1870.0
59.0  2173.3333333333335
60.0  1846.0
61.0  1752.0
62.0  2159.3333333333335
63.0  2127.3333333333335
64.0  2161.3333333333335
65.0  2118.6666666666665
66.0  2123.3333333333335
67.0  2139.3333333333335
68.0  2166.6666666666665
69.0  2166.6666666666665
70.0  2182.6666666666665
71.0  2135.3333333333335
72.0  2162.0
73.0  1755.3333333333333
74.0  1760.0
75.0  1748.6666666666667
76.0  1751.3333333333333
77.0  1764.0
78.0  1885.3333333333333
79.0  1816.0
80.0  1735.3333333333333
81.0  1832.0
82.0  1835.3333333333333
83.0  2001.3333333333333
84.0  2020.0
85.0  1836.6666666666667
86.0  1854.0
87.0  2176.0
88.0  1762.0
89.0  1871.3333333333333
90.0  1870.6666666666667
91.0  2157.3333333333335
92.0  1786.0
93.0  2189.3333333333335
94.0  2188.0
95.0  2002.6666666666667
96.0  2158.6666666666665
97.0  1732.6666666666667
98.0  2182.0
99.0  2178.6666666666665
100.0  2114.6666666666665
100.0  1866.0
