1.0  345.32406708800744
2.0  1540.1708504156989
3.0  2220.149206530915
4.0  2587.8684044774086
5.0  3086.4147742980117
6.0  3369.1040874694368
7.0  4045.3136451611053
8.0  4576.875059126121
9.0  4746.662288363732
10.0  5251.398790970177
11.0  4531.7395169557485
12.0  4368.6949807124165
13.0  4692.4219108691705
14.0  5059.832693241401
15.0  5248.488266005515
16.0  5396.577873977873
17.0  5467.972632435791
18.0  5765.450863991851
19.0  5771.6653800309405
20.0  5526.629707215592
21.0  5380.657759239949
22.0  5569.915011337871
23.0  5646.288140987391
24.0  6141.379894179898
25.0  6020.535166487649
26.0  6147.498863443595
27.0  6408.199431940829
28.0  6452.440190788964
29.0  6263.887600213876
30.0  6346.930888805628
31.0  6388.701872944594
32.0  6414.9111599511625
33.0  5987.724305244843
34.0  6376.301956882257
35.0  6116.260007889546
36.0  6328.265655069044
37.0  6637.530353377359
38.0  6461.374297385621
39.0  6195.071659682542
40.0  6280.553866880087
41.0  6582.07901590415
42.0  2487.86026736796
43.0  782.1053333333333
44.0  7484.006689308116
45.0  7653.413952792339
46.0  7406.4769408052025
47.0  7429.280566636691
48.0  7586.086470996341
49.0  7822.820721645389
50.0  7612.9272453931735
51.0  7664.001800648575
52.0  7818.557616931217
53.0  7916.115312098458
54.0  6765.444654109396
55.0  7193.68894854586
56.0  6708.0236834094385
57.0  6797.031752402189
58.0  6382.624589133364
59.0  6523.304428258687
60.0  6089.612859370652
61.0  6091.0151288834595
62.0  6466.580851678258
63.0  6701.287471013561
64.0  6846.201252326219
65.0  6629.754702327469
66.0  6488.801633332257
67.0  6361.533721028235
68.0  6776.34519099765
69.0  6550.8303925504615
70.0  6628.257956709959
71.0  6427.212979024945
72.0  6841.55645367581
73.0  6680.206500895937
74.0  6559.78875487942
75.0  7164.659760620541
76.0  6879.619140151787
77.0  6866.059809369612
78.0  7061.866344261489
79.0  7239.975878735876
80.0  7145.675757575758
81.0  7128.42099671701
82.0  7506.154892180282
83.0  7376.730018229516
84.0  7312.412005998551
85.0  7680.005184843169
86.0  7542.912127521145
87.0  7813.384265692189
88.0  7036.462700854702
89.0  7093.767035276013
90.0  7590.3228438695105
91.0  7592.251474946514
92.0  7096.614508233199
93.0  7175.387485472467
94.0  7142.178563644197
95.0  7209.780210651243
96.0  7445.674712987922
97.0  7323.70710006283
98.0  7068.451863945582
99.0  6561.747858465851
100.0  6544.256296649216
100.0  6817.673315639275
