1.0  302.04073191591647
2.0  787.2374426147346
3.0  1841.1538089229423
4.0  2606.1094533980286
5.0  3484.9561329950966
6.0  3997.465755245714
7.0  4352.394282925684
8.0  5121.747617086766
9.0  4598.19254005818
10.0  4742.90806335368
11.0  3810.526643267293
12.0  3522.200859144949
13.0  2515.4107261679055
14.0  3067.29140748126
15.0  4349.868415204228
16.0  5244.428846772577
17.0  5915.292369320672
18.0  5901.183120808692
19.0  7437.421828163372
20.0  7675.048242885222
21.0  7919.649305650366
22.0  8414.329413788126
23.0  7872.165483094883
24.0  6192.834819356082
25.0  6041.636725080356
26.0  7042.951185448455
27.0  7414.6947874371435
28.0  9014.684914187026
29.0  10344.858339849148
30.0  10459.165455512582
31.0  10626.786367114364
32.0  10695.787118173763
33.0  11266.388395679849
34.0  11105.774409171074
35.0  11165.910294306574
36.0  11041.55988837269
37.0  11015.286640696164
38.0  9840.064977072316
39.0  9819.302913580246
40.0  9588.308328511479
41.0  10039.624052935069
42.0  10499.210249433108
43.0  10385.99288869736
44.0  10102.254579133185
45.0  9377.777223794485
46.0  9153.794042192374
47.0  9276.534715856333
48.0  9274.18491606245
49.0  9623.776046630896
50.0  9666.446297574737
51.0  9801.674672059418
52.0  10313.991460535857
53.0  10008.736714079576
54.0  9117.400594605198
55.0  10142.03192320026
56.0  9236.159451574986
57.0  9376.285465499552
58.0  9106.736381111332
59.0  9167.010218654805
60.0  8720.441889936943
61.0  7943.352867527505
62.0  7343.709757713526
63.0  7055.123760901532
64.0  7194.823299588842
65.0  7199.13588825212
66.0  7034.142975200662
67.0  6462.328382005796
68.0  6769.988653134685
69.0  6379.221405635674
70.0  6640.525774492393
71.0  6551.369435872893
72.0  6620.636433991484
73.0  7114.000198181565
74.0  7205.101525799304
75.0  6965.33653467212
76.0  6648.186907475969
77.0  3699.6991123610933
78.0  5870.044630585301
79.0  5919.192103586255
80.0  7225.71603896161
81.0  7295.100645000337
82.0  8142.496401815363
83.0  9442.10184731123
84.0  9418.297078877442
85.0  9826.123833852802
86.0  9647.745954804237
87.0  10068.577211847722
88.0  8047.795282671371
89.0  8115.434959518692
90.0  6778.6466298963605
91.0  7039.609235578615
92.0  7207.856942943178
93.0  6899.069730467419
94.0  6324.773309418771
95.0  6142.982561854535
96.0  7003.318438904671
97.0  6979.948232232787
98.0  6686.126163342771
99.0  6622.773130882934
100.0  6472.255202262724
100.0  6060.329792625925
