1.0  1213.3333333333333
2.0  1203.3333333333333
3.0  1216.6666666666667
4.0  1230.0
5.0  1224.0
6.0  1231.3333333333333
7.0  1221.3333333333333
8.0  1421.3333333333333
9.0  1352.0
10.0  1256.6666666666667
11.0  1335.3333333333333
12.0  2034.6666666666667
13.0  1754.6666666666667
14.0  1750.0
15.0  1748.6666666666667
16.0  1765.3333333333333
17.0  1760.0
18.0  1764.6666666666667
19.0  1755.3333333333333
20.0  1753.3333333333333
21.0  1760.0
22.0  2096.0
23.0  2121.3333333333335
24.0  1759.3333333333333
25.0  1760.0
26.0  1758.0
27.0  2168.6666666666665
28.0  2169.3333333333335
29.0  2191.3333333333335
30.0  2226.6666666666665
31.0  2228.0
32.0  2186.0
33.0  2188.0
34.0  2187.3333333333335
35.0  2182.6666666666665
36.0  2197.3333333333335
37.0  2194.0
38.0  2180.0
39.0  2199.3333333333335
40.0  2233.3333333333335
41.0  2207.3333333333335
42.0  2221.3333333333335
43.0  2220.6666666666665
44.0  2195.3333333333335
45.0  2180.6666666666665
46.0  2178.0
47.0  2179.3333333333335
48.0  2179.3333333333335
49.0  2198.0
50.0  2194.6666666666665
51.0  3345.3333333333335
52.0  3378.0
53.0  3372.0
54.0  3374.0
55.0  2397.3333333333335
56.0  3366.6666666666665
57.0  2459.3333333333335
58.0  2308.6666666666665
59.0  3449.3333333333335
60.0  3506.6666666666665
61.0  3370.0
62.0  3659.3333333333335
63.0  3640.6666666666665
64.0  3638.6666666666665
65.0  4306.666666666667
66.0  4310.666666666667
67.0  3654.0
68.0  3341.3333333333335
69.0  4276.0
70.0  4294.666666666667
71.0  4292.666666666667
72.0  3652.0
73.0  4300.666666666667
74.0  4294.666666666667
75.0  4265.333333333333
76.0  4282.0
77.0  3629.3333333333335
78.0  3625.3333333333335
79.0  3640.6666666666665
80.0  3642.0
81.0  3494.0
82.0  3654.0
83.0  3667.3333333333335
84.0  3634.0
85.0  3476.0
86.0  4624.666666666667
87.0  4614.666666666667
88.0  4634.666666666667
89.0  4649.333333333333
90.0  4606.666666666667
91.0  4617.333333333333
92.0  4650.0
93.0  4634.0
94.0  4654.0
95.0  4642.0
96.0  4630.666666666667
97.0  4623.333333333333
98.0  4629.333333333333
99.0  4622.0
100.0  4633.333333333333
100.0  4634.0
