1.0  34.0
2.0  34.0
3.0  42.0
4.0  41.0
5.0  37.0
6.0  22.0
7.0  21.0
8.0  15.0
9.0  27.0
10.0  44.0
11.0  64.0
12.0  87.0
13.0  106.0
14.0  110.0
15.0  124.0
16.0  121.0
17.0  143.0
18.0  147.0
19.0  131.0
20.0  139.0
21.0  137.0
22.0  130.0
23.0  140.0
24.0  132.0
25.0  133.0
26.0  131.0
27.0  134.0
28.0  145.0
29.0  153.0
30.0  157.0
31.0  142.0
32.0  143.0
33.0  149.0
34.0  134.0
35.0  130.0
36.0  136.0
37.0  137.0
38.0  136.0
39.0  125.0
40.0  119.0
41.0  117.0
42.0  13.0
43.0  1.0
44.0  29.0
45.0  41.0
46.0  62.0
47.0  79.0
48.0  94.0
49.0  114.0
50.0  130.0
51.0  144.0
52.0  150.0
53.0  159.0
54.0  166.0
55.0  149.0
56.0  146.0
57.0  138.0
58.0  131.0
59.0  127.0
60.0  120.0
61.0  117.0
62.0  109.0
63.0  112.0
64.0  110.0
65.0  112.0
66.0  113.0
67.0  113.0
68.0  108.0
69.0  112.0
70.0  110.0
71.0  112.0
72.0  106.0
73.0  103.0
74.0  106.0
75.0  103.0
76.0  104.0
77.0  99.0
78.0  107.0
79.0  111.0
80.0  110.0
81.0  113.0
82.0  115.0
83.0  119.0
84.0  123.0
85.0  119.0
86.0  116.0
87.0  113.0
88.0  114.0
89.0  115.0
90.0  111.0
91.0  110.0
92.0  107.0
93.0  107.0
94.0  103.0
95.0  107.0
96.0  106.0
97.0  103.0
98.0  105.0
99.0  103.0
100.0  94.0
100.0  87.0
