1.0  500.0
2.0  98.0
3.0  92.0
4.0  92.0
5.0  91.0
6.0  84.0
7.0  61.0
8.0  44.0
9.0  35.0
10.0  24.0
11.0  22.0
12.0  16.0
13.0  17.0
14.0  16.0
15.0  16.0
16.0  15.0
17.0  19.0
18.0  17.0
19.0  17.0
20.0  17.0
21.0  17.0
22.0  16.0
23.0  17.0
24.0  17.0
25.0  17.0
26.0  18.0
27.0  18.0
28.0  18.0
29.0  18.0
30.0  16.0
31.0  16.0
32.0  15.0
33.0  16.0
34.0  17.0
35.0  17.0
36.0  17.0
37.0  16.0
38.0  15.0
39.0  15.0
40.0  15.0
41.0  16.0
42.0  16.0
43.0  15.0
44.0  13.0
45.0  13.0
46.0  13.0
47.0  13.0
48.0  13.0
49.0  12.0
50.0  10.0
51.0  13.0
52.0  14.0
53.0  15.0
54.0  15.0
55.0  15.0
56.0  17.0
57.0  17.0
58.0  16.0
59.0  16.0
60.0  16.0
61.0  16.0
62.0  17.0
63.0  15.0
64.0  15.0
65.0  16.0
66.0  15.0
67.0  14.0
68.0  14.0
69.0  14.0
70.0  17.0
71.0  17.0
72.0  18.0
73.0  18.0
74.0  18.0
75.0  16.0
76.0  15.0
77.0  14.0
78.0  12.0
79.0  12.0
80.0  11.0
81.0  11.0
82.0  11.0
83.0  12.0
84.0  12.0
85.0  12.0
86.0  12.0
87.0  12.0
88.0  12.0
89.0  11.0
90.0  11.0
91.0  12.0
92.0  12.0
93.0  12.0
94.0  12.0
95.0  13.0
96.0  14.0
97.0  15.0
98.0  17.0
99.0  16.0
100.0  17.0
100.0  18.0
