1.0  438.53919999999994
2.0  1915.0124581657542
3.0  2631.839124798191
4.0  2939.3596454100043
5.0  3547.7357432471313
6.0  4169.343779144137
7.0  6812.508181780686
8.0  7881.414198646165
9.0  7055.361448822957
10.0  6541.967810457517
11.0  3696.035291607804
12.0  3307.054997658933
13.0  3101.4061354924747
14.0  3443.392077161507
15.0  3805.8781440509006
16.0  4509.976623252373
17.0  5274.89719751116
18.0  6118.923747034083
19.0  6223.883393787501
20.0  5699.570030273321
21.0  5855.0915818893145
22.0  5184.900507604487
23.0  5369.173250254329
24.0  4101.914369030984
25.0  3260.2098385231807
26.0  3364.81236270315
27.0  2903.527921294893
28.0  2874.0669880560517
29.0  3477.308328717329
30.0  3806.132913330273
31.0  3966.0469633666203
32.0  3118.887916233755
33.0  3387.132941731724
34.0  4191.894321627774
35.0  2935.1460853717454
36.0  2868.47947747775
37.0  2022.8632587573684
38.0  1895.7530801869202
39.0  1851.22985914976
40.0  1989.0949566411389
41.0  3033.5302259247424
42.0  3781.4363956266684
43.0  4047.4585095661864
44.0  4492.070910759264
45.0  4099.0175986909535
46.0  4194.999774255907
47.0  4372.136793352735
48.0  4300.502019394342
49.0  4336.658472189203
50.0  5107.768456460401
51.0  3683.024035898532
52.0  3387.345262263228
53.0  4921.997720303707
54.0  5706.853961414643
55.0  6262.325590817212
56.0  6010.415881715518
57.0  5818.095458926451
58.0  6055.2578273876925
59.0  6251.686542390742
60.0  5761.94058774319
61.0  4579.595381873931
62.0  6708.713890365173
63.0  4931.939980159051
64.0  6118.483943106358
65.0  4708.578718956505
66.0  4848.921452255029
67.0  4529.508885119539
68.0  5503.936579318892
69.0  4809.861386060111
70.0  6415.265268649351
71.0  6112.878379044494
72.0  6442.397524208655
73.0  5203.36634618553
74.0  4639.26156652282
75.0  4075.0893165464445
76.0  4076.618841871906
77.0  4956.083943104683
78.0  5159.220213254102
79.0  5661.719796130717
80.0  3011.014832243319
81.0  4135.7406238925
82.0  2725.4900400094907
83.0  3628.140812702664
84.0  4487.3162872735165
85.0  4693.349463803037
86.0  4533.216849592902
87.0  4522.866901378689
88.0  4335.887297481471
89.0  4637.110999766143
90.0  3627.729171425312
91.0  3526.08604253546
92.0  4764.52788455019
93.0  3980.1165850528305
94.0  4002.5664813883377
95.0  4692.803586164343
96.0  5229.641169290105
97.0  7960.3539492040445
98.0  6053.229058227841
99.0  8316.387171000131
100.0  7739.227783181051
100.0  7812.650040829409
