1.0  1384.0
2.0  3548.0
3.0  8110.0
4.0  7456.0
5.0  7763.0
6.0  7533.0
7.0  7561.0
8.0  6885.0
9.0  7651.0
10.0  8249.0
11.0  8138.0
12.0  8449.0
13.0  8663.0
14.0  4203.0
15.0  6896.0
16.0  7275.0
17.0  7712.0
18.0  8363.0
19.0  7554.0
20.0  7712.0
21.0  7879.0
22.0  8276.0
23.0  7487.0
24.0  7871.0
25.0  8265.0
26.0  8482.0
27.0  8074.0
28.0  8284.0
29.0  7861.0
30.0  8269.0
31.0  8298.0
32.0  8483.0
33.0  8085.0
34.0  8694.0
35.0  8269.0
36.0  7847.0
37.0  8293.0
38.0  8276.0
39.0  8294.0
40.0  8258.0
41.0  8458.0
42.0  6671.0
43.0  7081.0
44.0  7488.0
45.0  7488.0
46.0  7462.0
47.0  7879.0
48.0  7456.0
49.0  7499.0
50.0  8050.0
51.0  7894.0
52.0  7677.0
53.0  7682.0
54.0  7867.0
55.0  7849.0
56.0  8290.0
57.0  8077.0
58.0  8052.0
59.0  8080.0
60.0  8055.0
61.0  8051.0
62.0  8087.0
63.0  8077.0
64.0  8678.0
65.0  8120.0
66.0  7928.0
67.0  7693.0
68.0  8090.0
69.0  8074.0
70.0  8079.0
71.0  7648.0
72.0  8292.0
73.0  8068.0
74.0  7896.0
75.0  7884.0
76.0  7476.0
77.0  7457.0
78.0  8469.0
79.0  8051.0
80.0  7647.0
81.0  7651.0
82.0  7280.0
83.0  7878.0
84.0  7326.0
85.0  7496.0
86.0  7447.0
87.0  8058.0
88.0  7890.0
89.0  7890.0
90.0  7674.0
91.0  7856.0
92.0  8461.0
93.0  8018.0
94.0  7673.0
95.0  8092.0
96.0  8481.0
97.0  7869.0
98.0  7893.0
99.0  8285.0
100.0  8660.0
100.0  8236.0
