1.0  2238.0
2.0  3071.0
3.0  5847.0
4.0  5126.0
5.0  6728.0
6.0  7101.0
7.0  7157.0
8.0  7057.0
9.0  7517.0
10.0  7903.0
11.0  7902.0
12.0  5468.0
13.0  7452.0
14.0  7458.0
15.0  7869.0
16.0  7480.0
17.0  7275.0
18.0  7496.0
19.0  7438.0
20.0  7517.0
21.0  7458.0
22.0  7863.0
23.0  8302.0
24.0  7728.0
25.0  7684.0
26.0  7659.0
27.0  7660.0
28.0  7850.0
29.0  7673.0
30.0  7691.0
31.0  7690.0
32.0  7662.0
33.0  7675.0
34.0  8063.0
35.0  8624.0
36.0  8654.0
37.0  8429.0
38.0  8265.0
39.0  8657.0
40.0  8638.0
41.0  8973.0
42.0  8266.0
43.0  8649.0
44.0  8272.0
45.0  8266.0
46.0  7889.0
47.0  8065.0
48.0  7694.0
49.0  7667.0
50.0  8493.0
51.0  7488.0
52.0  7386.0
53.0  7668.0
54.0  8051.0
55.0  7681.0
56.0  8255.0
57.0  7872.0
58.0  8495.0
59.0  8253.0
60.0  7882.0
61.0  7856.0
62.0  8509.0
63.0  8491.0
64.0  8481.0
65.0  8143.0
66.0  8136.0
67.0  8286.0
68.0  7851.0
69.0  8364.0
70.0  8056.0
71.0  7295.0
72.0  8062.0
73.0  8665.0
74.0  9078.0
75.0  9078.0
76.0  7050.0
77.0  7701.0
78.0  7743.0
79.0  7720.0
80.0  7699.0
81.0  8048.0
82.0  8284.0
83.0  7855.0
84.0  8288.0
85.0  8073.0
86.0  7074.0
87.0  8091.0
88.0  8073.0
89.0  7685.0
90.0  7267.0
91.0  7673.0
92.0  7852.0
93.0  7847.0
94.0  7875.0
95.0  7892.0
96.0  7887.0
97.0  7283.0
98.0  7923.0
99.0  6876.0
100.0  7263.0
100.0  7243.0
