1.0  500.0
2.0  101.0
3.0  100.0
4.0  99.0
5.0  89.0
6.0  80.0
7.0  58.0
8.0  47.0
9.0  31.0
10.0  26.0
11.0  22.0
12.0  21.0
13.0  22.0
14.0  19.0
15.0  17.0
16.0  16.0
17.0  15.0
18.0  16.0
19.0  15.0
20.0  17.0
21.0  17.0
22.0  18.0
23.0  16.0
24.0  15.0
25.0  14.0
26.0  16.0
27.0  16.0
28.0  15.0
29.0  15.0
30.0  12.0
31.0  14.0
32.0  14.0
33.0  15.0
34.0  15.0
35.0  14.0
36.0  15.0
37.0  15.0
38.0  17.0
39.0  15.0
40.0  14.0
41.0  14.0
42.0  15.0
43.0  17.0
44.0  17.0
45.0  16.0
46.0  15.0
47.0  15.0
48.0  15.0
49.0  13.0
50.0  13.0
51.0  12.0
52.0  12.0
53.0  13.0
54.0  13.0
55.0  12.0
56.0  13.0
57.0  15.0
58.0  17.0
59.0  16.0
60.0  17.0
61.0  18.0
62.0  18.0
63.0  19.0
64.0  18.0
65.0  17.0
66.0  16.0
67.0  16.0
68.0  15.0
69.0  16.0
70.0  15.0
71.0  15.0
72.0  14.0
73.0  14.0
74.0  14.0
75.0  12.0
76.0  11.0
77.0  11.0
78.0  12.0
79.0  12.0
80.0  11.0
81.0  11.0
82.0  10.0
83.0  12.0
84.0  13.0
85.0  15.0
86.0  16.0
87.0  19.0
88.0  18.0
89.0  19.0
90.0  18.0
91.0  16.0
92.0  15.0
93.0  15.0
94.0  16.0
95.0  17.0
96.0  17.0
97.0  17.0
98.0  15.0
99.0  15.0
100.0  15.0
100.0  15.0
