1.0  450.2607999999999
2.0  1650.5748980699889
3.0  2269.9589684981684
4.0  2629.0887325878625
5.0  3360.825492556992
6.0  3887.132880207999
7.0  5506.35104541976
8.0  6282.49152833626
9.0  7044.421376401154
10.0  6522.5157721269115
11.0  4506.752395726574
12.0  4609.711702214827
13.0  5323.5976381677065
14.0  5152.017537713368
15.0  4285.1244877787385
16.0  4809.377536353002
17.0  5192.711388432769
18.0  4795.488385808426
19.0  3676.493971159524
20.0  3463.1124573963352
21.0  3761.7837509549145
22.0  3289.3737048518046
23.0  3119.196134792089
24.0  2646.968587384539
25.0  2624.4696067706805
26.0  3913.3062131096394
27.0  3745.7177925032347
28.0  3886.0625986265013
29.0  3960.652831792525
30.0  4042.693161454809
31.0  4838.204751325635
32.0  4840.827445263919
33.0  6528.9278746499385
34.0  5990.11374765516
35.0  3151.481214573538
36.0  3812.0228930527064
37.0  3444.425455386579
38.0  4102.592756436941
39.0  5670.330259219996
40.0  7330.8898170394295
41.0  6380.210695370368
42.0  8343.75976571122
43.0  7004.372846896942
44.0  10467.37209665485
45.0  8544.32826723161
46.0  8330.118534104842
47.0  9601.626626087243
48.0  7545.215509915553
49.0  7646.017192500726
50.0  5761.291498722889
51.0  4410.414587512612
52.0  3873.174030926415
53.0  2769.5253302889196
54.0  3850.489824840517
55.0  4194.280486640578
56.0  4269.052416512773
57.0  5494.460775328736
58.0  4991.92611359096
59.0  5702.930735859012
60.0  5423.14726516627
61.0  5090.801151467393
62.0  6228.4502124842675
63.0  5491.109111618364
64.0  6167.185146217991
65.0  6434.149450460839
66.0  6927.033392398309
67.0  6423.66448182318
68.0  4185.741738422608
69.0  5793.849977763464
70.0  5582.355910043641
71.0  4044.104633354907
72.0  3989.6391159119526
73.0  3321.97351137773
74.0  2847.559800423638
75.0  4472.405416866174
76.0  4195.411129316161
77.0  6009.548749184548
78.0  5345.6782945357345
79.0  3384.741958106013
80.0  4724.229240641711
81.0  5736.937647441848
82.0  5598.019391524318
83.0  7320.717683082098
84.0  6673.044839882687
85.0  6530.351523812035
86.0  8349.158689160062
87.0  8202.243351184012
88.0  7788.086521452829
89.0  6946.560871227049
90.0  7008.527071495174
91.0  5862.324994370358
92.0  5456.026131592974
93.0  3974.6121484257965
94.0  3584.0351307658384
95.0  3093.661249590862
96.0  4035.8628854715616
97.0  2987.7110039326813
98.0  2792.9464739945843
99.0  4460.95585180265
100.0  4267.01117511247
100.0  5290.134016908258
