1.0  5237.9248046875
2.0  5678.99755859375
3.0  6250.525390625
4.0  6649.22607421875
5.0  6885.01416015625
6.0  6837.85693359375
7.0  6932.171875
8.0  7073.64501953125
9.0  6896.60107421875
10.0  7073.64501953125
11.0  7073.64501953125
12.0  7073.64501953125
13.0  7073.64501953125
14.0  7385.69091796875
15.0  7385.69091796875
16.0  7687.1474609375
17.0  7687.1474609375
18.0  7725.93896484375
19.0  8162.4326171875
20.0  14055.09765625
21.0  20178.7109375
22.0  23496.064453125
23.0  26420.572265625
24.0  27991.94921875
25.0  27437.208984375
26.0  26738.818359375
27.0  27655.455078125
28.0  27218.9609375
29.0  32382.2890625
30.0  32120.392578125
31.0  31771.197265625
32.0  32120.392578125
33.0  31334.705078125
34.0  32469.587890625
35.0  31683.8984375
36.0  30461.716796875
37.0  53466.390625
38.0  54519.67578125
39.0  54782.99609375
40.0  68687.9140625
41.0  68951.234375
42.0  69026.78125
43.0  90016.921875
44.0  90280.2421875
45.0  94154.5078125
46.0  77114.1875
47.0  77001.9609375
48.0  81917.2890625
49.0  93252.3203125
50.0  95007.7890625
51.0  120369.328125
52.0  156653.109375
53.0  150309.796875
54.0  111742.4140625
55.0  117578.265625
56.0  118085.734375
57.0  95271.109375
58.0  95371.109375
59.0  95371.109375
60.0  95271.109375
61.0  95271.109375
62.0  95283.3359375
63.0  208472.234375
64.0  196871.21875
65.0  215792.96875
66.0  231896.75
67.0  303788.25
68.0  330529.65625
69.0  414929.0625
70.0  460519.15625
71.0  494522.0
72.0  556657.8125
73.0  592014.1875
74.0  638155.625
75.0  631134.125
76.0  843363.3125
77.0  851159.5
78.0  852134.0
79.0  900798.1875
80.0  950327.625
81.0  1085124.5
82.0  1075138.5
83.0  1091365.75
84.0  1272260.5
85.0  1267849.375
86.0  1527501.25
87.0  1800785.5
88.0  1873778.5
89.0  2067411.75
90.0  2092190.0
91.0  2195519.5
92.0  2253159.75
93.0  2232563.25
94.0  2290647.0
95.0  2253834.75
96.0  2258755.75
97.0  2274348.75
98.0  2262173.0
99.0  2364096.5
100.0  2425776.75
100.0  2395040.25
