1.0  24.0
2.0  25.0
3.0  27.0
4.0  31.0
5.0  34.0
6.0  40.0
7.0  44.0
8.0  45.0
9.0  53.0
10.0  44.0
11.0  30.0
12.0  33.0
13.0  34.0
14.0  36.0
15.0  42.0
16.0  49.0
17.0  56.0
18.0  63.0
19.0  73.0
20.0  74.0
21.0  77.0
22.0  90.0
23.0  117.0
24.0  159.0
25.0  206.0
26.0  227.0
27.0  230.0
28.0  206.0
29.0  231.0
30.0  231.0
31.0  241.0
32.0  229.0
33.0  259.0
34.0  266.0
35.0  284.0
36.0  266.0
37.0  289.0
38.0  311.0
39.0  303.0
40.0  305.0
41.0  308.0
42.0  330.0
43.0  336.0
44.0  324.0
45.0  329.0
46.0  306.0
47.0  329.0
48.0  321.0
49.0  303.0
50.0  316.0
51.0  318.0
52.0  324.0
53.0  298.0
54.0  314.0
55.0  302.0
56.0  304.0
57.0  311.0
58.0  294.0
59.0  317.0
60.0  322.0
61.0  326.0
62.0  324.0
63.0  319.0
64.0  310.0
65.0  307.0
66.0  294.0
67.0  306.0
68.0  266.0
69.0  212.0
70.0  206.0
71.0  205.0
72.0  216.0
73.0  203.0
74.0  178.0
75.0  186.0
76.0  213.0
77.0  216.0
78.0  238.0
79.0  214.0
80.0  67.0
81.0  146.0
82.0  219.0
83.0  56.0
84.0  74.0
85.0  136.0
86.0  159.0
87.0  211.0
88.0  241.0
89.0  265.0
90.0  237.0
91.0  279.0
92.0  286.0
93.0  296.0
94.0  305.0
95.0  305.0
96.0  298.0
97.0  309.0
98.0  310.0
99.0  49.0
100.0  170.0
100.0  289.0
