1.0  2158.479487246409
2.0  11826.829019691568
3.0  46137.686675538505
4.0  61760.32779624686
5.0  78960.79178428827
6.0  85702.11269378827
7.0  95210.09241819708
8.0  105271.11630424905
9.0  118171.17877126564
10.0  123454.24160382934
11.0  93520.5121576658
12.0  100565.64436096686
13.0  87122.76861258732
14.0  96900.55293799432
15.0  106716.51791140957
16.0  108783.41671154388
17.0  124464.03115602593
18.0  136390.31962167146
19.0  142547.40087387257
20.0  149029.8827914445
21.0  170862.03140203832
22.0  175926.5535097275
23.0  168539.17725305946
24.0  176682.85693473564
25.0  169278.35827120265
26.0  169292.45804319123
27.0  175353.91172126835
28.0  171816.5836741577
29.0  172574.40139970076
30.0  178308.15464071636
31.0  173254.0334589535
32.0  185696.5757250351
33.0  171618.88062775915
34.0  168768.65503834528
35.0  175617.06018012858
36.0  177681.2143291053
37.0  181045.1780499014
38.0  192943.98012863376
39.0  176436.71829263587
40.0  179915.0561883895
41.0  183883.9725800689
42.0  178284.12402781026
43.0  182654.02337223387
44.0  166448.8380168847
45.0  172864.8765218996
46.0  170715.84659293437
47.0  171628.52262909582
48.0  190033.01426221433
49.0  191547.42371335806
50.0  196230.9270527837
51.0  191191.61529214075
52.0  195029.69275011442
53.0  190687.54379552513
54.0  190750.5914219543
55.0  204770.30515639915
56.0  183760.49527747865
57.0  180628.89527929563
58.0  178698.2240802134
59.0  191787.16094972577
60.0  188687.9527324207
61.0  189002.40783004864
62.0  182950.75932213382
63.0  169378.43920456647
64.0  189149.0607192526
65.0  190639.5915171062
66.0  179221.21338261545
67.0  182079.53038545398
68.0  162539.31005190045
69.0  178789.07119152948
70.0  182592.04915550377
71.0  192419.04502411827
72.0  194967.97849833383
73.0  194141.64293612147
74.0  173680.58863545608
75.0  180656.44722744642
76.0  185997.14144739078
77.0  178149.19030664454
78.0  183240.29951244552
79.0  177973.59452647332
80.0  172914.2452020796
81.0  165202.6785036441
82.0  164198.6426662191
83.0  171376.67734144643
84.0  173753.65229133633
85.0  178219.5298570689
86.0  173509.0167867968
87.0  209198.55992332753
88.0  192322.05100075953
89.0  205832.75464995357
90.0  215729.2083703446
91.0  209902.43468031625
92.0  208504.99985865553
93.0  203017.52274775875
94.0  216512.22679084307
95.0  213523.84577227288
96.0  209541.59005330384
97.0  211161.07749334443
98.0  213056.15442896125
99.0  213032.06887852834
100.0  226963.46259487214
100.0  215852.18458430702
