1.0  2770.017992049876
2.0  9036.040782555683
3.0  17405.32995377597
4.0  21880.152863713534
5.0  25158.382016825242
6.0  26321.36021562176
7.0  30232.940773049802
8.0  33719.469056915565
9.0  33272.538741379445
10.0  33270.21910895654
11.0  27498.872993496603
12.0  29385.472508598654
13.0  30766.424936441446
14.0  27994.247353546107
15.0  30006.309281413975
16.0  29269.877524964453
17.0  28122.812571426864
18.0  30289.37216390674
19.0  31871.138088486507
20.0  33413.62674232101
21.0  39440.19464548742
22.0  48482.72093407579
23.0  55414.58302450366
24.0  66097.25564951303
25.0  75993.11762760142
26.0  77897.23426112677
27.0  88773.18073498986
28.0  97476.06443616905
29.0  102095.2636570011
30.0  103140.19267066123
31.0  104796.52683115596
32.0  114735.8489653326
33.0  110453.83427859418
34.0  113785.81665189177
35.0  116424.07841176141
36.0  109507.38974817727
37.0  110934.68277737976
38.0  111558.43193118638
39.0  117849.72071470316
40.0  117481.91825727173
41.0  128294.80299791168
42.0  147405.28169504117
43.0  142638.14789413023
44.0  149345.40416417265
45.0  147713.56580836026
46.0  156051.41125291484
47.0  158100.8833685174
48.0  175733.36115654197
49.0  189937.79800579272
50.0  192242.869237519
51.0  218343.3822556853
52.0  242561.95250545538
53.0  257018.31125009805
54.0  246718.44370920619
55.0  292789.1789224798
56.0  277696.794811637
57.0  300608.1940117163
58.0  310085.91927583795
59.0  326679.9515670355
60.0  334846.77712288103
61.0  339252.54187515954
62.0  344127.90360484197
63.0  366134.1505949172
64.0  377288.0678045194
65.0  393475.356845947
66.0  425858.14169322705
67.0  451989.690733544
68.0  530386.0153989397
69.0  505580.7980956108
70.0  699105.2268603875
71.0  855854.898873182
72.0  1185790.7211303893
73.0  1591929.7364322243
74.0  2082549.283740638
75.0  2130937.7253646087
76.0  2182547.729186672
77.0  2472844.609549696
78.0  2377879.135617685
79.0  2566108.4869854944
80.0  1893577.166546607
81.0  3172837.735443581
82.0  3072440.5182968383
83.0  1610252.304270996
84.0  3850267.060652918
85.0  3849579.919817049
86.0  4283087.347933137
87.0  4742543.411391923
88.0  5609095.8646840425
89.0  5722494.3550167065
90.0  6339653.793350034
91.0  6999347.0680796355
92.0  8096165.263116991
93.0  8223021.918756074
94.0  9521182.103538256
95.0  9481325.423827868
96.0  1.1020034715114651E7
97.0  1.064276750884574E7
98.0  1.1236478016130373E7
99.0  2321838.255660032
100.0  1.1880640638055878E7
100.0  1.1385204340499057E7
