1.0  32.0
2.0  30.0
3.0  34.0
4.0  35.0
5.0  34.0
6.0  38.0
7.0  40.0
8.0  39.0
9.0  38.0
10.0  42.0
11.0  48.0
12.0  49.0
13.0  53.0
14.0  49.0
15.0  52.0
16.0  60.0
17.0  61.0
18.0  67.0
19.0  89.0
20.0  103.0
21.0  121.0
22.0  107.0
23.0  128.0
24.0  156.0
25.0  173.0
26.0  187.0
27.0  207.0
28.0  209.0
29.0  234.0
30.0  220.0
31.0  223.0
32.0  228.0
33.0  199.0
34.0  221.0
35.0  226.0
36.0  233.0
37.0  243.0
38.0  236.0
39.0  248.0
40.0  260.0
41.0  269.0
42.0  283.0
43.0  183.0
44.0  222.0
45.0  234.0
46.0  245.0
47.0  253.0
48.0  250.0
49.0  183.0
50.0  240.0
51.0  288.0
52.0  242.0
53.0  293.0
54.0  300.0
55.0  262.0
56.0  293.0
57.0  288.0
58.0  316.0
59.0  303.0
60.0  316.0
61.0  321.0
62.0  332.0
63.0  294.0
64.0  306.0
65.0  323.0
66.0  328.0
67.0  314.0
68.0  327.0
69.0  271.0
70.0  300.0
71.0  295.0
72.0  332.0
73.0  329.0
74.0  341.0
75.0  324.0
76.0  333.0
77.0  333.0
78.0  339.0
79.0  352.0
80.0  357.0
81.0  342.0
82.0  320.0
83.0  330.0
84.0  321.0
85.0  314.0
86.0  323.0
87.0  251.0
88.0  300.0
89.0  292.0
90.0  292.0
91.0  319.0
92.0  304.0
93.0  323.0
94.0  313.0
95.0  322.0
96.0  320.0
97.0  314.0
98.0  312.0
99.0  310.0
100.0  304.0
100.0  321.0
