1.0  13969.3876953125
2.0  27143.9765625
3.0  28520.39453125
4.0  28586.17578125
5.0  28520.39453125
6.0  28899.35546875
7.0  28854.615234375
8.0  28809.875
9.0  37857.8671875
10.0  39602.7265625
11.0  39647.46484375
12.0  41237.06640625
13.0  42276.60546875
14.0  42321.34375
15.0  42187.125
16.0  41113.36328125
17.0  47566.4375
18.0  47890.140625
19.0  48863.8984375
20.0  39702.7265625
21.0  52466.0390625
22.0  54098.0546875
23.0  53914.21484375
24.0  51217.86328125
25.0  39123.765625
26.0  39247.46484375
27.0  38642.1484375
28.0  39068.5078125
29.0  37502.609375
30.0  38889.546875
31.0  38005.265625
32.0  39413.24609375
33.0  38665.84765625
34.0  38989.546875
35.0  37010.46875
36.0  37120.98828125
37.0  36628.84765625
38.0  37052.546875
39.0  39547.46484375
40.0  37052.546875
41.0  37086.76953125
42.0  38876.3671875
43.0  38955.328125
44.0  39547.46484375
45.0  36863.0703125
46.0  39547.46484375
47.0  37960.52734375
48.0  38900.06640625
49.0  39000.06640625
50.0  38842.1484375
51.0  39647.46484375
52.0  39289.546875
53.0  39502.7265625
54.0  39279.02734375
55.0  39313.24609375
56.0  39457.984375
57.0  39423.765625
58.0  41773.9453125
59.0  41168.625
60.0  41794.984375
61.0  40387.00390625
62.0  41460.765625
63.0  42176.60546875
64.0  42108.1640625
65.0  42152.90234375
66.0  42476.60546875
67.0  48427.01953125
68.0  47690.140625
69.0  48248.05859375
70.0  48471.7578125
71.0  48471.7578125
72.0  48529.6796875
73.0  48963.8984375
74.0  48292.796875
75.0  48884.9375
76.0  47755.91796875
77.0  48874.41796875
78.0  48729.6796875
79.0  48874.41796875
80.0  48605.9765625
81.0  48561.23828125
82.0  48729.6796875
83.0  48529.6796875
84.0  48784.9375
85.0  48337.5390625
86.0  49008.63671875
87.0  48595.45703125
88.0  48919.15625
89.0  48605.9765625
90.0  48774.41796875
91.0  49053.37890625
92.0  48695.45703125
93.0  48774.41796875
94.0  49008.63671875
95.0  49053.37890625
96.0  49008.63671875
97.0  48427.01953125
98.0  48640.19921875
99.0  48282.27734375
100.0  48963.8984375
100.0  48919.15625
