1.0  820.0
2.0  2288.0
3.0  2327.0
4.0  2327.0
5.0  2258.0
6.0  2259.0
7.0  2264.0
8.0  2259.0
9.0  2326.0
10.0  2289.0
11.0  2315.0
12.0  2318.0
13.0  2325.0
14.0  2255.0
15.0  2254.0
16.0  2265.0
17.0  2227.0
18.0  2310.0
19.0  1805.0
20.0  1811.0
21.0  1811.0
22.0  2268.0
23.0  1811.0
24.0  1811.0
25.0  2876.0
26.0  2865.0
27.0  3810.0
28.0  3815.0
29.0  2859.0
30.0  2834.0
31.0  2405.0
32.0  2911.0
33.0  3803.0
34.0  3139.0
35.0  3140.0
36.0  3817.0
37.0  3824.0
38.0  2850.0
39.0  2828.0
40.0  3105.0
41.0  2362.0
42.0  2866.0
43.0  4144.0
44.0  4187.0
45.0  3787.0
46.0  2840.0
47.0  2870.0
48.0  4191.0
49.0  3822.0
50.0  4173.0
51.0  4058.0
52.0  4057.0
53.0  4069.0
54.0  4171.0
55.0  4174.0
56.0  4067.0
57.0  4075.0
58.0  4193.0
59.0  4198.0
60.0  4193.0
61.0  4196.0
62.0  4193.0
63.0  4191.0
64.0  4195.0
65.0  4193.0
66.0  4193.0
67.0  4196.0
68.0  4188.0
69.0  4181.0
70.0  4194.0
71.0  4197.0
72.0  4200.0
73.0  4196.0
74.0  4195.0
75.0  4199.0
76.0  4194.0
77.0  4195.0
78.0  4195.0
79.0  4198.0
80.0  4195.0
81.0  4199.0
82.0  4202.0
83.0  4197.0
84.0  4193.0
85.0  4200.0
86.0  4192.0
87.0  4202.0
88.0  4196.0
89.0  4192.0
90.0  4203.0
91.0  4197.0
92.0  4195.0
93.0  4195.0
94.0  4194.0
95.0  4190.0
96.0  4198.0
97.0  4199.0
98.0  4200.0
99.0  4198.0
100.0  4202.0
100.0  4192.0
