1.0  822.0
2.0  1204.0
3.0  888.0
4.0  886.0
5.0  642.0
6.0  1084.0
7.0  649.0
8.0  649.0
9.0  650.0
10.0  651.0
11.0  879.0
12.0  2875.0
13.0  2258.0
14.0  1091.0
15.0  2281.0
16.0  1739.0
17.0  1632.0
18.0  1727.0
19.0  1731.0
20.0  2245.0
21.0  1751.0
22.0  3337.0
23.0  2865.0
24.0  1724.0
25.0  3084.0
26.0  1736.0
27.0  1728.0
28.0  3085.0
29.0  1103.0
30.0  1751.0
31.0  1737.0
32.0  767.0
33.0  1096.0
34.0  1081.0
35.0  754.0
36.0  1036.0
37.0  1877.0
38.0  735.0
39.0  1092.0
40.0  840.0
41.0  707.0
42.0  1510.0
43.0  1337.0
44.0  1526.0
45.0  712.0
46.0  751.0
47.0  917.0
48.0  941.0
49.0  723.0
50.0  1035.0
51.0  941.0
52.0  936.0
53.0  1060.0
54.0  736.0
55.0  701.0
56.0  685.0
57.0  1016.0
58.0  1056.0
59.0  697.0
60.0  706.0
61.0  1074.0
62.0  1082.0
63.0  1048.0
64.0  1019.0
65.0  1039.0
66.0  1045.0
67.0  1338.0
68.0  1864.0
69.0  1781.0
70.0  1612.0
71.0  1612.0
72.0  1601.0
73.0  1082.0
74.0  1306.0
75.0  1754.0
76.0  2387.0
77.0  2179.0
78.0  4162.0
79.0  3568.0
80.0  4173.0
81.0  3948.0
82.0  4184.0
83.0  4163.0
84.0  4179.0
85.0  4180.0
86.0  4164.0
87.0  4178.0
88.0  3823.0
89.0  4167.0
90.0  4166.0
91.0  3831.0
92.0  4162.0
93.0  4140.0
94.0  3813.0
95.0  4177.0
96.0  4155.0
97.0  4162.0
98.0  4156.0
99.0  4184.0
100.0  4165.0
100.0  4185.0
