1.0  205.3216
2.0  2020.7195901754387
3.0  1515.932441386487
4.0  2228.9218802800665
5.0  2430.329959968722
6.0  4067.1169201126254
7.0  3443.8777974508444
8.0  2921.843478160491
9.0  3193.0407290196536
10.0  3438.43632788537
11.0  2977.810853078363
12.0  2677.923197694519
13.0  2932.050607393874
14.0  2502.691205608008
15.0  2308.3256183767867
16.0  2278.320469367112
17.0  1148.2405825602968
18.0  1417.1933529313733
19.0  1758.456633891142
20.0  1901.1518530221153
21.0  996.9834359784362
22.0  1132.7190467868102
23.0  959.6770166143989
24.0  219.94909090909087
25.0  2970.486439309379
26.0  4307.44895980871
27.0  4534.042232518312
28.0  4908.512639959342
29.0  5435.8320604637
30.0  5429.483743106063
31.0  5493.461681762605
32.0  5483.4128430898245
33.0  5972.40230636211
34.0  5853.157402398101
35.0  5482.280238229982
36.0  2965.089869281046
37.0  6183.8196654502
38.0  4376.9190258203635
39.0  5117.906853872856
40.0  5319.367085044062
41.0  5673.803332336596
42.0  5905.460911211168
43.0  6144.349553579392
44.0  6004.028138280483
45.0  6001.260873475056
46.0  6250.080565234224
47.0  5484.287725996632
48.0  5739.177730968884
49.0  5602.556625028389
50.0  6245.291322751323
51.0  6211.956618481273
52.0  5881.427848324513
53.0  6212.564920363123
54.0  5806.110396849462
55.0  5700.245327500859
56.0  5498.582765675976
57.0  6075.466285828624
58.0  6892.093127970583
59.0  6149.962723156348
60.0  7052.160810360542
61.0  6451.133978795793
62.0  6147.562668452889
63.0  7000.434943164368
64.0  6896.011282500731
65.0  7224.048699688211
66.0  7355.940594750416
67.0  6930.835672825048
68.0  6716.339724468401
69.0  7850.226346683488
70.0  8370.228369776483
71.0  7552.627602362443
72.0  8636.579137231167
73.0  8112.346891802781
74.0  9443.579867873577
75.0  9799.047902837903
76.0  8941.605333806958
77.0  9274.532382645506
78.0  10048.132119704418
79.0  10385.587339508778
80.0  10358.819765931501
81.0  10665.813012515473
82.0  10769.969759671221
83.0  10410.82191330558
84.0  11107.058663465392
85.0  10480.131663719427
86.0  10457.402685256755
87.0  11252.71359331444
88.0  9815.986790123457
89.0  10830.046627645623
90.0  11098.332326821348
91.0  12063.157104886404
92.0  11753.336400345046
93.0  10466.994188351224
94.0  10359.132916736678
95.0  11401.56356061093
96.0  11648.519260855335
97.0  11131.144214726026
98.0  11942.45047572068
99.0  12732.03288915699
100.0  12394.894623524619
100.0  12360.84653245139
