1.0  229.29279999999997
2.0  2147.838245829864
3.0  2267.3148539886038
4.0  2178.142219380506
5.0  2191.8178352040986
6.0  2569.73395462554
7.0  2298.21095606529
8.0  1978.9578947368425
9.0  3946.9722510852985
10.0  3991.974687747626
11.0  2479.522244849122
12.0  3174.6544673972912
13.0  3155.1573441535015
14.0  3351.365501037433
15.0  3696.9564360081863
16.0  4004.367907918553
17.0  3851.309804257579
18.0  4074.6964715349527
19.0  4272.19365880024
20.0  3987.381392282378
21.0  3388.1056549658174
22.0  3491.553299989646
23.0  3514.90003695425
24.0  2233.6833736614235
25.0  3221.7912031187566
26.0  3438.3436125765893
27.0  517.8946572580645
28.0  3638.7182724814074
29.0  3814.2865979212206
30.0  229.597
31.0  3921.0412490124245
32.0  4173.9106516996635
33.0  4138.0695110430415
34.0  4089.3350193895008
35.0  4158.375426799413
36.0  4029.355259639515
37.0  4035.5198481367515
38.0  4013.605522742672
39.0  4077.6818363721377
40.0  3973.554916512057
41.0  2821.6319831223623
42.0  3635.8097701149445
43.0  3241.9866803503
44.0  3283.2912072649565
45.0  3465.06146478939
46.0  3476.6160586080605
47.0  3289.7550671550657
48.0  3514.5436119296205
49.0  3040.5542590550667
50.0  3401.2779078590793
51.0  3245.9633638899145
52.0  3230.70809926386
53.0  2912.830491854636
54.0  2754.8876993090003
55.0  2629.7899961920793
56.0  2893.985023039351
57.0  2695.757181708731
58.0  2414.576434318616
59.0  1063.520469875496
60.0  1693.178756256005
61.0  1760.6429768670025
62.0  1908.965049445064
63.0  2202.0355088669535
64.0  2487.5757960051633
65.0  2682.2124999148336
66.0  2882.7231587953893
67.0  2922.153158063957
68.0  3098.0726237596828
69.0  3435.880656104813
70.0  3095.719923926718
71.0  2975.5415572103716
72.0  2795.5113742786484
73.0  2699.7571171714135
74.0  1669.6849820406712
75.0  244.754
76.0  4081.534269680018
77.0  3975.1376165164074
78.0  4422.946657589132
79.0  4789.42637591843
80.0  5033.76741842227
81.0  5356.264272995263
82.0  5421.5903998577705
83.0  5584.736951999784
84.0  5499.3104644015
85.0  5630.80913035829
86.0  3896.4657744772585
87.0  4491.561882633038
88.0  4288.293745628171
89.0  4787.83366337744
90.0  4948.1487039866315
91.0  4889.474405436072
92.0  4802.608779042385
93.0  4624.364364368162
94.0  4844.409812378216
95.0  5393.202580740372
96.0  5380.483452763699
97.0  5227.894362057004
98.0  4760.84778942015
99.0  4326.155377565444
100.0  1029.584
100.0  6415.505894142017
