1.0  500.0
2.0  34.0
3.0  24.0
4.0  25.0
5.0  20.0
6.0  21.0
7.0  17.0
8.0  4.0
9.0  7.0
10.0  7.0
11.0  9.0
12.0  10.0
13.0  8.0
14.0  11.0
15.0  13.0
16.0  24.0
17.0  30.0
18.0  41.0
19.0  68.0
20.0  106.0
21.0  14.0
22.0  22.0
23.0  43.0
24.0  13.0
25.0  31.0
26.0  59.0
27.0  4.0
28.0  58.0
29.0  84.0
30.0  2.0
31.0  99.0
32.0  83.0
33.0  111.0
34.0  125.0
35.0  131.0
36.0  129.0
37.0  137.0
38.0  146.0
39.0  155.0
40.0  154.0
41.0  158.0
42.0  116.0
43.0  116.0
44.0  96.0
45.0  87.0
46.0  78.0
47.0  78.0
48.0  77.0
49.0  79.0
50.0  75.0
51.0  72.0
52.0  69.0
53.0  76.0
54.0  76.0
55.0  72.0
56.0  69.0
57.0  61.0
58.0  59.0
59.0  30.0
60.0  36.0
61.0  39.0
62.0  40.0
63.0  46.0
64.0  49.0
65.0  50.0
66.0  53.0
67.0  55.0
68.0  51.0
69.0  50.0
70.0  48.0
71.0  48.0
72.0  49.0
73.0  50.0
74.0  33.0
75.0  2.0
76.0  31.0
77.0  34.0
78.0  36.0
79.0  38.0
80.0  42.0
81.0  46.0
82.0  51.0
83.0  53.0
84.0  58.0
85.0  62.0
86.0  64.0
87.0  53.0
88.0  51.0
89.0  51.0
90.0  54.0
91.0  52.0
92.0  50.0
93.0  53.0
94.0  52.0
95.0  45.0
96.0  45.0
97.0  46.0
98.0  47.0
99.0  34.0
100.0  1.0
100.0  16.0
