1.0  500.0
2.0  25.0
3.0  21.0
4.0  19.0
5.0  18.0
6.0  15.0
7.0  15.0
8.0  14.0
9.0  14.0
10.0  14.0
11.0  17.0
12.0  15.0
13.0  17.0
14.0  15.0
15.0  17.0
16.0  16.0
17.0  10.0
18.0  13.0
19.0  22.0
20.0  19.0
21.0  13.0
22.0  21.0
23.0  18.0
24.0  3.0
25.0  12.0
26.0  24.0
27.0  30.0
28.0  26.0
29.0  37.0
30.0  63.0
31.0  83.0
32.0  106.0
33.0  123.0
34.0  134.0
35.0  152.0
36.0  6.0
37.0  20.0
38.0  35.0
39.0  58.0
40.0  73.0
41.0  98.0
42.0  116.0
43.0  121.0
44.0  132.0
45.0  103.0
46.0  123.0
47.0  137.0
48.0  138.0
49.0  148.0
50.0  153.0
51.0  170.0
52.0  180.0
53.0  192.0
54.0  194.0
55.0  187.0
56.0  185.0
57.0  169.0
58.0  177.0
59.0  168.0
60.0  155.0
61.0  169.0
62.0  170.0
63.0  175.0
64.0  163.0
65.0  168.0
66.0  169.0
67.0  165.0
68.0  159.0
69.0  151.0
70.0  147.0
71.0  143.0
72.0  136.0
73.0  139.0
74.0  130.0
75.0  132.0
76.0  127.0
77.0  125.0
78.0  131.0
79.0  130.0
80.0  125.0
81.0  125.0
82.0  123.0
83.0  120.0
84.0  119.0
85.0  116.0
86.0  107.0
87.0  106.0
88.0  108.0
89.0  103.0
90.0  99.0
91.0  102.0
92.0  104.0
93.0  109.0
94.0  109.0
95.0  114.0
96.0  108.0
97.0  102.0
98.0  102.0
99.0  102.0
100.0  102.0
100.0  106.0
