1.0  156.74559999999997
2.0  727.0416512979774
3.0  860.1513140686473
4.0  1023.6382384419422
5.0  1026.0960726854846
6.0  1197.0934173999697
7.0  1297.3896241149087
8.0  1314.2987372024468
9.0  1260.914996524796
10.0  1666.294680329368
11.0  471.3908327161345
12.0  591.7562261206934
13.0  429.1351115413227
14.0  522.4126296604476
15.0  598.8868465986201
16.0  584.3412940424829
17.0  581.0854409821636
18.0  598.8605073553445
19.0  532.6666282877848
20.0  585.0090857705713
21.0  552.6110883342863
22.0  835.659410555222
23.0  740.7162492186607
24.0  731.3233014037223
25.0  637.025939268928
26.0  633.5384909599942
27.0  678.2330274261277
28.0  830.2588587960075
29.0  1137.6986794104762
30.0  1038.965327182241
31.0  935.4899001388475
32.0  1182.5106981001106
33.0  696.9968581280825
34.0  762.0030363480421
35.0  869.3415796609365
36.0  948.4190850885226
37.0  1152.5513690396358
38.0  949.0693995583272
39.0  950.6488392954886
40.0  903.8650010778975
41.0  839.8430766028919
42.0  963.4291707048937
43.0  1073.3695316828916
44.0  951.2017646922507
45.0  851.1483739873875
46.0  666.3138248988713
47.0  911.239539748954
48.0  399.6
49.0  2377.121774193549
50.0  2411.438210776136
51.0  2233.0476333961074
52.0  2132.9019881679537
53.0  1864.9971677559915
54.0  2369.7001434408307
55.0  2516.110637796064
56.0  2532.6997869504658
57.0  2917.2990482600835
58.0  2788.108011279554
59.0  1792.0114792391762
60.0  1914.8376203853652
61.0  2005.508470252397
62.0  2362.2946982592093
63.0  2054.0409275554475
64.0  2248.7905139450877
65.0  2164.5702737707365
66.0  2268.6769153935034
67.0  1593.0378199408483
68.0  1154.0676179807865
69.0  953.330935475788
70.0  1394.3509760254678
71.0  1534.5545990492335
72.0  1264.4497379477823
73.0  1239.545956007233
74.0  1203.4794468192472
75.0  1362.8568860551582
76.0  1389.1756705358798
77.0  1622.9275271260103
78.0  1949.8449610189134
79.0  1823.6815615944722
80.0  1933.1534645253837
81.0  1962.0462393443565
82.0  2054.4776714764516
83.0  1780.3780138888887
84.0  1941.9975059133017
85.0  1857.0878238407265
86.0  1409.0719376343818
87.0  1047.7892883010575
88.0  1083.3024612521554
89.0  1160.9978756584374
90.0  882.7554762440668
91.0  873.0161625235004
92.0  880.0071872646107
93.0  968.7474117916427
94.0  954.3153734237584
95.0  1236.6810709017175
96.0  1152.1238659170017
97.0  1307.7645693766472
98.0  675.0452888848217
99.0  553.9341562998404
100.0  597.0708284741302
100.0  784.7876823172784
