1.0  578.0
2.0  597.0
3.0  850.0
4.0  601.0
5.0  622.0
6.0  624.0
7.0  868.0
8.0  876.0
9.0  882.0
10.0  694.0
11.0  889.0
12.0  1081.0
13.0  1126.0
14.0  1093.0
15.0  1054.0
16.0  1096.0
17.0  1091.0
18.0  883.0
19.0  935.0
20.0  874.0
21.0  910.0
22.0  1771.0
23.0  1057.0
24.0  1049.0
25.0  883.0
26.0  881.0
27.0  871.0
28.0  1002.0
29.0  923.0
30.0  926.0
31.0  900.0
32.0  944.0
33.0  873.0
34.0  851.0
35.0  1076.0
36.0  1097.0
37.0  1035.0
38.0  1064.0
39.0  917.0
40.0  910.0
41.0  972.0
42.0  862.0
43.0  923.0
44.0  1074.0
45.0  1057.0
46.0  2674.0
47.0  1052.0
48.0  1120.0
49.0  1096.0
50.0  1093.0
51.0  1085.0
52.0  1093.0
53.0  1946.0
54.0  1698.0
55.0  1941.0
56.0  1712.0
57.0  1704.0
58.0  3261.0
59.0  871.0
60.0  940.0
61.0  1105.0
62.0  1103.0
63.0  942.0
64.0  1738.0
65.0  1729.0
66.0  1731.0
67.0  1734.0
68.0  2219.0
69.0  1734.0
70.0  1729.0
71.0  1379.0
72.0  1799.0
73.0  2219.0
74.0  1371.0
75.0  1346.0
76.0  1729.0
77.0  1090.0
78.0  1342.0
79.0  1353.0
80.0  1372.0
81.0  1333.0
82.0  2254.0
83.0  2253.0
84.0  1333.0
85.0  1101.0
86.0  1943.0
87.0  3201.0
88.0  3205.0
89.0  1943.0
90.0  1366.0
91.0  1362.0
92.0  1359.0
93.0  1348.0
94.0  1752.0
95.0  1747.0
96.0  1330.0
97.0  1342.0
98.0  1690.0
99.0  1115.0
100.0  1114.0
100.0  1373.0
