1.0  500.0
2.0  103.0
3.0  102.0
4.0  96.0
5.0  95.0
6.0  90.0
7.0  75.0
8.0  49.0
9.0  34.0
10.0  29.0
11.0  28.0
12.0  24.0
13.0  25.0
14.0  21.0
15.0  19.0
16.0  21.0
17.0  19.0
18.0  18.0
19.0  17.0
20.0  15.0
21.0  15.0
22.0  15.0
23.0  15.0
24.0  16.0
25.0  13.0
26.0  14.0
27.0  14.0
28.0  14.0
29.0  11.0
30.0  10.0
31.0  13.0
32.0  3.0
33.0  4.0
34.0  5.0
35.0  5.0
36.0  7.0
37.0  9.0
38.0  15.0
39.0  19.0
40.0  22.0
41.0  16.0
42.0  17.0
43.0  15.0
44.0  17.0
45.0  14.0
46.0  14.0
47.0  15.0
48.0  17.0
49.0  17.0
50.0  14.0
51.0  15.0
52.0  15.0
53.0  18.0
54.0  15.0
55.0  12.0
56.0  13.0
57.0  15.0
58.0  17.0
59.0  16.0
60.0  16.0
61.0  17.0
62.0  16.0
63.0  19.0
64.0  20.0
65.0  15.0
66.0  16.0
67.0  15.0
68.0  14.0
69.0  14.0
70.0  16.0
71.0  16.0
72.0  16.0
73.0  17.0
74.0  17.0
75.0  17.0
76.0  15.0
77.0  17.0
78.0  17.0
79.0  18.0
80.0  16.0
81.0  15.0
82.0  16.0
83.0  16.0
84.0  15.0
85.0  16.0
86.0  17.0
87.0  18.0
88.0  20.0
89.0  20.0
90.0  19.0
91.0  19.0
92.0  18.0
93.0  19.0
94.0  20.0
95.0  19.0
96.0  19.0
97.0  19.0
98.0  19.0
99.0  20.0
100.0  20.0
100.0  20.0
