1.0  493.0
2.0  686.0
3.0  611.0
4.0  624.0
5.0  680.0
6.0  694.0
7.0  703.0
8.0  690.0
9.0  686.0
10.0  1068.0
11.0  919.0
12.0  914.0
13.0  933.0
14.0  915.0
15.0  652.0
16.0  939.0
17.0  916.0
18.0  934.0
19.0  922.0
20.0  947.0
21.0  842.0
22.0  935.0
23.0  941.0
24.0  906.0
25.0  928.0
26.0  913.0
27.0  946.0
28.0  956.0
29.0  961.0
30.0  929.0
31.0  1371.0
32.0  1088.0
33.0  927.0
34.0  1083.0
35.0  940.0
36.0  927.0
37.0  936.0
38.0  933.0
39.0  1108.0
40.0  1107.0
41.0  1109.0
42.0  1085.0
43.0  1055.0
44.0  1118.0
45.0  1096.0
46.0  1478.0
47.0  1769.0
48.0  1743.0
49.0  1805.0
50.0  1836.0
51.0  1831.0
52.0  1357.0
53.0  1373.0
54.0  1334.0
55.0  1352.0
56.0  1368.0
57.0  1357.0
58.0  1350.0
59.0  1370.0
60.0  1348.0
61.0  1703.0
62.0  1660.0
63.0  1374.0
64.0  1337.0
65.0  1343.0
66.0  1369.0
67.0  1357.0
68.0  1342.0
69.0  2989.0
70.0  1355.0
71.0  1351.0
72.0  3662.0
73.0  3667.0
74.0  1374.0
75.0  1636.0
76.0  1807.0
77.0  1347.0
78.0  3666.0
79.0  3634.0
80.0  3634.0
81.0  1727.0
82.0  1378.0
83.0  1379.0
84.0  1375.0
85.0  1099.0
86.0  1101.0
87.0  1091.0
88.0  1086.0
89.0  1091.0
90.0  1076.0
91.0  1076.0
92.0  1075.0
93.0  951.0
94.0  1000.0
95.0  900.0
96.0  1102.0
97.0  939.0
98.0  934.0
99.0  917.0
100.0  942.0
100.0  936.0
