1.0  170.49120000000005
2.0  736.427572815534
3.0  858.7980298786179
4.0  996.7525845329138
5.0  1074.4593651871614
6.0  1147.741216931217
7.0  1238.050377901041
8.0  1382.5008246907353
9.0  1545.3666996499323
10.0  1573.4310477159459
11.0  1078.7586441850287
12.0  960.9331913752204
13.0  859.0110759776392
14.0  937.0186992169232
15.0  901.0544435275777
16.0  995.8534441759974
17.0  873.7561262729695
18.0  868.0252250821106
19.0  552.1024517633508
20.0  515.3297062495518
21.0  575.4312855637385
22.0  549.292364664983
23.0  423.61433862091513
24.0  375.4049109257605
25.0  315.3171021590658
26.0  415.59522165356196
27.0  421.5662225690975
28.0  534.2273371600695
29.0  833.6740863650339
30.0  1119.2671935583014
31.0  1120.1724276691582
32.0  830.6299221611722
33.0  975.1070184456767
34.0  1037.0433991340603
35.0  1298.5615163733796
36.0  1669.4732599836354
37.0  1661.993773457203
38.0  2179.6585106376924
39.0  1829.5816599759048
40.0  2584.5281674784464
41.0  1851.9470731858232
42.0  1816.6748889897717
43.0  1701.452928612657
44.0  1762.1764646047482
45.0  1578.0322921256245
46.0  1523.8104912470164
47.0  1443.0126491534586
48.0  1203.5707618420865
49.0  1114.430836788226
50.0  919.7576648541244
51.0  908.5370304526524
52.0  1398.058654411277
53.0  1354.396665727044
54.0  1007.631827528395
55.0  1117.0308144819955
56.0  1154.7048469534072
57.0  994.3278469277466
58.0  1136.9987171864634
59.0  1355.4514217651995
60.0  1362.1436056418293
61.0  1303.946752618231
62.0  1549.3320820828333
63.0  1696.5302291477487
64.0  1396.2255477811248
65.0  1182.3673249531973
66.0  1667.0096428832585
67.0  779.6342241152827
68.0  706.1728164786183
69.0  768.9404549515027
70.0  794.402636079361
71.0  1168.7388133087697
72.0  1299.2184012515263
73.0  1433.7236052283915
74.0  1145.96852572608
75.0  938.5725206866531
76.0  1238.507657238449
77.0  1186.8944717199465
78.0  1254.5897236964247
79.0  1295.9506729421369
80.0  1050.7059305202924
81.0  1144.9332061892846
82.0  1324.8427837799202
83.0  1357.7764154948775
84.0  1144.0083221812054
85.0  1227.7098087786949
86.0  1099.235139238061
87.0  1153.0610931449467
88.0  1040.7299098062497
89.0  1023.6577210721764
90.0  1131.6881886491597
91.0  1230.8659911525383
92.0  1057.5382589545734
93.0  1360.936738606625
94.0  1279.4178360381252
95.0  1206.0357352972933
96.0  1090.1528365978659
97.0  879.1255172361438
98.0  705.341785535565
99.0  709.9747949466094
100.0  1041.3682818395112
100.0  988.9761184394247
