1.0  57.668600000000005
2.0  195.83689024390247
3.0  532.3749619675701
4.0  760.0449558011666
5.0  770.5808990166714
6.0  878.5315729452142
7.0  1099.818075595088
8.0  1084.3604956881668
9.0  1395.628399600913
10.0  1172.4908473187093
11.0  1266.8225825778138
12.0  1274.654105716281
13.0  1614.4218313723513
14.0  1590.2425439783638
15.0  1621.0781779213798
16.0  1662.9412201180105
17.0  1549.9429298335012
18.0  1527.1171772001812
19.0  1617.7493457970909
20.0  1693.9954382693813
21.0  1676.2450485666582
22.0  1714.4208405075883
23.0  1688.5217376711284
24.0  1582.957399250918
25.0  2114.8271338416066
26.0  1760.8724637525577
27.0  1969.2090802731082
28.0  1666.383364446632
29.0  1676.2566016992914
30.0  1749.9427013333
31.0  1834.7449786920693
32.0  2165.4339553200766
33.0  1922.3546012526065
34.0  1788.977585231929
35.0  1900.105501485635
36.0  1847.9698740524957
37.0  1922.2405601305481
38.0  1668.850717392111
39.0  2027.1307927620696
40.0  1893.504650484542
41.0  2051.3898988858955
42.0  1938.8916322214766
43.0  2044.7763914014827
44.0  1980.6245852923578
45.0  2038.0117742892858
46.0  1999.801117450614
47.0  2107.6662592736725
48.0  2185.015645959012
49.0  2102.366902648874
50.0  2063.328096021755
51.0  1964.3261285115732
52.0  1922.3833613625904
53.0  1960.0246470325721
54.0  2059.2032957396905
55.0  2153.001993809331
56.0  1976.8059439865401
57.0  1928.1278973274402
58.0  2014.4337638167356
59.0  1984.6415043981472
60.0  1957.866115782553
61.0  2125.0580068307127
62.0  1781.1528765012524
63.0  1907.2571633044502
64.0  1807.987194866945
65.0  1816.6675472488412
66.0  1769.7489743074564
67.0  1881.1069091761062
68.0  2251.969167805743
69.0  1919.5588720210333
70.0  1927.928744996505
71.0  1811.1012917560313
72.0  2215.0788226276027
73.0  1742.0825299628575
74.0  1971.8469684548904
75.0  1941.436027963817
76.0  2057.9641800648533
77.0  2215.962286217017
78.0  2459.7061333360457
79.0  2295.53366003095
80.0  1989.5419161630703
81.0  1872.415591009513
82.0  2540.965569836705
83.0  2149.3594095776066
84.0  2019.456431784669
85.0  2237.6273554972863
86.0  2324.65380196959
87.0  2275.1300747016535
88.0  2094.032192343585
89.0  2259.4870441008075
90.0  2307.229253122276
91.0  2021.8107020890127
92.0  1806.6617975584052
93.0  1885.4279642713955
94.0  2005.7218723882957
95.0  2248.8841958687476
96.0  2125.615868473079
97.0  2531.603444692329
98.0  2636.9866619303634
99.0  2494.911320391835
100.0  2418.5423963557273
100.0  2398.838400000002
