1.0  1556.0
2.0  1886.0
3.0  6650.0
4.0  6647.0
5.0  7307.0
6.0  7097.0
7.0  7669.0
8.0  8056.0
9.0  7660.0
10.0  7667.0
11.0  7458.0
12.0  7536.0
13.0  7268.0
14.0  6943.0
15.0  7479.0
16.0  7343.0
17.0  7669.0
18.0  7685.0
19.0  8271.0
20.0  8066.0
21.0  7886.0
22.0  7882.0
23.0  7859.0
24.0  7877.0
25.0  7895.0
26.0  8258.0
27.0  7853.0
28.0  7870.0
29.0  8096.0
30.0  8068.0
31.0  8851.0
32.0  8090.0
33.0  7892.0
34.0  8082.0
35.0  8696.0
36.0  9076.0
37.0  7883.0
38.0  7675.0
39.0  9094.0
40.0  8851.0
41.0  7667.0
42.0  7875.0
43.0  8251.0
44.0  8263.0
45.0  7852.0
46.0  8085.0
47.0  7966.0
48.0  8465.0
49.0  7865.0
50.0  7867.0
51.0  7917.0
52.0  7863.0
53.0  8678.0
54.0  8894.0
55.0  7920.0
56.0  7889.0
57.0  8064.0
58.0  8296.0
59.0  8071.0
60.0  8097.0
61.0  8105.0
62.0  8092.0
63.0  8296.0
64.0  8295.0
65.0  8087.0
66.0  8334.0
67.0  8313.0
68.0  8528.0
69.0  8116.0
70.0  8316.0
71.0  7898.0
72.0  8271.0
73.0  8278.0
74.0  8266.0
75.0  7486.0
76.0  7684.0
77.0  7890.0
78.0  8469.0
79.0  7862.0
80.0  7859.0
81.0  7913.0
82.0  8057.0
83.0  7909.0
84.0  8259.0
85.0  8072.0
86.0  8659.0
87.0  8888.0
88.0  8277.0
89.0  8293.0
90.0  8850.0
91.0  8450.0
92.0  8457.0
93.0  8090.0
94.0  8087.0
95.0  8485.0
96.0  8079.0
97.0  8280.0
98.0  8489.0
99.0  8281.0
100.0  8692.0
100.0  8454.0
