1.0  1446.0
2.0  4939.0
3.0  7896.0
4.0  8268.0
5.0  8259.0
6.0  9250.0
7.0  7708.0
8.0  7501.0
9.0  8691.0
10.0  8492.0
11.0  8080.0
12.0  8262.0
13.0  8659.0
14.0  8865.0
15.0  8871.0
16.0  9064.0
17.0  9096.0
18.0  8476.0
19.0  8486.0
20.0  8672.0
21.0  9087.0
22.0  9456.0
23.0  9073.0
24.0  8882.0
25.0  8848.0
26.0  8688.0
27.0  8869.0
28.0  9293.0
29.0  8728.0
30.0  9061.0
31.0  8873.0
32.0  9249.0
33.0  9255.0
34.0  9084.0
35.0  9493.0
36.0  9268.0
37.0  9290.0
38.0  9265.0
39.0  9270.0
40.0  9265.0
41.0  8471.0
42.0  8665.0
43.0  8493.0
44.0  9090.0
45.0  8467.0
46.0  9251.0
47.0  9692.0
48.0  9681.0
49.0  8874.0
50.0  9067.0
51.0  8679.0
52.0  8874.0
53.0  9252.0
54.0  8664.0
55.0  8447.0
56.0  8736.0
57.0  9684.0
58.0  9850.0
59.0  9680.0
60.0  8696.0
61.0  8680.0
62.0  8657.0
63.0  8735.0
64.0  9057.0
65.0  9057.0
66.0  8877.0
67.0  8875.0
68.0  8864.0
69.0  8687.0
70.0  8671.0
71.0  9485.0
72.0  9284.0
73.0  9261.0
74.0  9459.0
75.0  9458.0
76.0  8847.0
77.0  9281.0
78.0  9264.0
79.0  9473.0
80.0  9068.0
81.0  9286.0
82.0  9274.0
83.0  9288.0
84.0  9481.0
85.0  9250.0
86.0  9250.0
87.0  9073.0
88.0  9269.0
89.0  9477.0
90.0  9140.0
91.0  9080.0
92.0  9258.0
93.0  9451.0
94.0  9293.0
95.0  9261.0
96.0  9082.0
97.0  9273.0
98.0  9271.0
99.0  9268.0
100.0  9281.0
100.0  9870.0
