1.0  59.151399999999974
2.0  172.80167774612224
3.0  831.9763602335937
4.0  1329.9236286964456
5.0  1484.9573806234139
6.0  1207.485607513623
7.0  1454.3947380201923
8.0  1367.4181200053001
9.0  1609.6656713251728
10.0  1836.6476781116796
11.0  1776.1142943313853
12.0  1957.8346686092095
13.0  2166.2736085212996
14.0  2160.171830069262
15.0  1918.2424213495633
16.0  1868.6761839311803
17.0  1900.355395635338
18.0  1885.8505010742515
19.0  2020.2953355203638
20.0  2192.238873119518
21.0  2093.69841225485
22.0  1933.903729753201
23.0  2108.264806361302
24.0  1999.5027675743536
25.0  2245.126080174655
26.0  2001.8545341461393
27.0  2094.044807603134
28.0  2239.084743853223
29.0  2135.48867726863
30.0  2232.895436748675
31.0  2318.829053616602
32.0  2423.8571335449283
33.0  2383.050604258418
34.0  2750.3281269657305
35.0  2514.5746738751677
36.0  2300.8055998004065
37.0  2090.958187077258
38.0  2082.3230314622433
39.0  2233.0979182825463
40.0  2339.6410432895473
41.0  2369.5226275840055
42.0  2443.019584413288
43.0  2362.3195415838254
44.0  2441.8686973621366
45.0  2477.49669858956
46.0  2458.355902658761
47.0  2703.87797205121
48.0  2419.764412443739
49.0  2498.657958701009
50.0  2426.9074249031305
51.0  2136.9587617616667
52.0  2361.3639439181975
53.0  2506.6214240402123
54.0  2193.478988074675
55.0  2539.543020792174
56.0  2467.003780901852
57.0  2360.761186535719
58.0  2351.8670855142173
59.0  2401.590187486411
60.0  2632.984532603083
61.0  2439.676320204714
62.0  2887.7412556335003
63.0  2302.3181582619486
64.0  2498.819450939407
65.0  2566.1101655922625
66.0  2816.090409076849
67.0  2379.0981969148347
68.0  2191.671660606469
69.0  2454.5611681629775
70.0  2513.328796106922
71.0  2494.7576306371952
72.0  2646.016088331272
73.0  2385.3494531707997
74.0  2790.0220057865163
75.0  2258.824975881327
76.0  2284.677796808292
77.0  2369.1552469982917
78.0  2531.27835446252
79.0  2463.8772371958667
80.0  2580.9935975090348
81.0  2405.286976883876
82.0  2084.6655418334594
83.0  2549.906436772972
84.0  2077.4381653565106
85.0  2448.344243511358
86.0  2470.568384987378
87.0  2505.005345437457
88.0  2337.1855958117835
89.0  2181.105072256708
90.0  2440.932812774132
91.0  2377.19434936215
92.0  2334.264951024385
93.0  2369.959488599296
94.0  2461.4572364260657
95.0  2345.491954208986
96.0  2224.7622284142976
97.0  2694.031172369732
98.0  2263.154400960957
99.0  2369.6205184720507
100.0  2303.6295619607795
100.0  2398.993199999998
