1.0  496.0
2.0  1065.0
3.0  1566.0
4.0  1636.0
5.0  1401.0
6.0  1468.0
7.0  1473.0
8.0  1487.0
9.0  1476.0
10.0  1476.0
11.0  1858.0
12.0  2271.0
13.0  2255.0
14.0  2257.0
15.0  2258.0
16.0  1728.0
17.0  1636.0
18.0  1643.0
19.0  1411.0
20.0  1472.0
21.0  1835.0
22.0  1674.0
23.0  1644.0
24.0  1919.0
25.0  1962.0
26.0  1893.0
27.0  2054.0
28.0  1470.0
29.0  2071.0
30.0  1700.0
31.0  1836.0
32.0  1904.0
33.0  1923.0
34.0  1846.0
35.0  2070.0
36.0  1931.0
37.0  1924.0
38.0  1891.0
39.0  1934.0
40.0  1891.0
41.0  1831.0
42.0  2719.0
43.0  2737.0
44.0  2753.0
45.0  2262.0
46.0  2044.0
47.0  2035.0
48.0  2034.0
49.0  2041.0
50.0  2041.0
51.0  2475.0
52.0  2042.0
53.0  2463.0
54.0  2031.0
55.0  2262.0
56.0  2472.0
57.0  2042.0
58.0  2437.0
59.0  2464.0
60.0  2683.0
61.0  2459.0
62.0  1831.0
63.0  1989.0
64.0  2352.0
65.0  2872.0
66.0  1908.0
67.0  2348.0
68.0  2348.0
69.0  2440.0
70.0  2764.0
71.0  2767.0
72.0  2760.0
73.0  3086.0
74.0  2350.0
75.0  3091.0
76.0  3070.0
77.0  2447.0
78.0  2353.0
79.0  3756.0
80.0  2482.0
81.0  2252.0
82.0  5974.0
83.0  5970.0
84.0  5951.0
85.0  5947.0
86.0  2637.0
87.0  2797.0
88.0  2016.0
89.0  3379.0
90.0  2331.0
91.0  2321.0
92.0  2324.0
93.0  2705.0
94.0  2683.0
95.0  3278.0
96.0  2307.0
97.0  2643.0
98.0  3460.0
99.0  3863.0
100.0  3864.0
100.0  3503.0
