1.0  500.0
2.0  206.0
3.0  205.0
4.0  159.0
5.0  69.0
6.0  36.0
7.0  24.0
8.0  25.0
9.0  20.0
10.0  19.0
11.0  14.0
12.0  17.0
13.0  15.0
14.0  18.0
15.0  16.0
16.0  14.0
17.0  16.0
18.0  17.0
19.0  15.0
20.0  16.0
21.0  16.0
22.0  18.0
23.0  19.0
24.0  20.0
25.0  17.0
26.0  15.0
27.0  14.0
28.0  15.0
29.0  16.0
30.0  17.0
31.0  16.0
32.0  15.0
33.0  13.0
34.0  13.0
35.0  14.0
36.0  14.0
37.0  15.0
38.0  16.0
39.0  16.0
40.0  16.0
41.0  16.0
42.0  16.0
43.0  17.0
44.0  17.0
45.0  16.0
46.0  16.0
47.0  16.0
48.0  17.0
49.0  16.0
50.0  17.0
51.0  16.0
52.0  17.0
53.0  15.0
54.0  16.0
55.0  16.0
56.0  15.0
57.0  15.0
58.0  14.0
59.0  14.0
60.0  15.0
61.0  15.0
62.0  14.0
63.0  15.0
64.0  15.0
65.0  16.0
66.0  17.0
67.0  17.0
68.0  16.0
69.0  16.0
70.0  15.0
71.0  17.0
72.0  16.0
73.0  16.0
74.0  16.0
75.0  14.0
76.0  13.0
77.0  13.0
78.0  13.0
79.0  12.0
80.0  12.0
81.0  12.0
82.0  12.0
83.0  11.0
84.0  11.0
85.0  11.0
86.0  11.0
87.0  11.0
88.0  11.0
89.0  11.0
90.0  11.0
91.0  11.0
92.0  11.0
93.0  12.0
94.0  12.0
95.0  12.0
96.0  14.0
97.0  14.0
98.0  13.0
99.0  13.0
100.0  13.0
100.0  14.0
