1.0  136.04411293720412
2.0  322.006126503886
3.0  313.92010200740236
4.0  313.16048413764065
5.0  314.4170484040461
6.0  308.3024120694415
7.0  317.23921854813017
8.0  322.35397699632983
9.0  324.06310418289945
10.0  312.05230968106275
11.0  124.68042718134618
12.0  152.07666073190717
13.0  117.84209909485664
14.0  141.35657048091628
15.0  137.85067630756168
16.0  138.72714260484037
17.0  159.77005812502262
18.0  157.7810729371294
19.0  148.02227790883614
20.0  158.60639934261008
21.0  152.38176712318807
22.0  176.53244875606416
23.0  188.6848759620431
24.0  165.6349460396875
25.0  169.3484974098456
26.0  168.81891055675365
27.0  156.47232314244835
28.0  172.71729975523718
29.0  186.77780493424953
30.0  196.46857637522066
31.0  182.75754365237336
32.0  161.97773704255852
33.0  161.45162429144517
34.0  134.93330996972165
35.0  154.7382141688996
36.0  150.16417438399944
37.0  194.0176411901007
38.0  207.0806165120493
39.0  182.96502941841135
40.0  144.55199527989268
41.0  182.42854106652572
42.0  146.79400195423673
43.0  174.7768975579507
44.0  173.69981982851692
45.0  165.94361260873882
46.0  165.46579971638565
47.0  139.29116063593588
48.0  137.12232019604494
49.0  144.9197934031364
50.0  155.55482754657328
51.0  147.3255324443094
52.0  161.94026954464107
53.0  113.86476996871792
54.0  131.18171442802065
55.0  131.59619484760276
56.0  139.2933761588733
57.0  114.86888983853065
58.0  118.64064325680678
59.0  120.04623120519159
60.0  109.33781312316242
61.0  111.85364188224138
62.0  91.70868685881616
63.0  133.05969603075644
64.0  106.51766020958367
65.0  121.20428236604698
66.0  136.57790976626512
67.0  138.86823239758283
68.0  147.2493390985438
69.0  149.18364706667893
70.0  130.84732303868245
71.0  160.95957961762733
72.0  171.95512804788999
73.0  148.8563887425954
74.0  148.2976650756329
75.0  142.3908706552311
76.0  126.32869802047728
77.0  127.02050373247887
78.0  146.3748561077459
79.0  156.12135138827023
80.0  161.58651754541003
81.0  103.62376344331086
82.0  104.49642902949167
83.0  75.96383885939295
84.0  76.74474482192527
85.0  77.08969976194967
86.0  76.76116391611141
87.0  78.15451827301452
88.0  80.21729494138117
89.0  81.95412281009818
90.0  83.5209451100572
91.0  82.38517135082262
92.0  82.30617269313116
93.0  97.59553222156255
94.0  103.35819610166493
95.0  105.29871639021464
96.0  162.3068557006614
97.0  152.4994768478288
98.0  133.46741386412486
99.0  131.5909083641115
100.0  132.2726673688394
100.0  151.3594813693641
