1.0  146.0561796539517
2.0  324.1310409420482
3.0  309.45397874629987
4.0  316.0685342848373
5.0  310.4558653185055
6.0  317.0757808098217
7.0  311.7917735995042
8.0  315.3367873379508
9.0  318.19239080547385
10.0  317.6069309939103
11.0  171.39561964826137
12.0  188.1371574251861
13.0  190.4701214470325
14.0  162.25767004971095
15.0  183.84333298961633
16.0  179.86150075030235
17.0  165.12424002264007
18.0  187.66220141335788
19.0  161.4666323667477
20.0  147.05804223526712
21.0  168.09763499714256
22.0  187.34259081044905
23.0  177.47287566554024
24.0  195.8348186741786
25.0  198.79522034643824
26.0  215.71439634508474
27.0  232.5064551441089
28.0  201.83057157818027
29.0  214.16902663959752
30.0  211.8956283268123
31.0  202.07435317457825
32.0  213.62856308711187
33.0  216.44804936747477
34.0  193.4000480425295
35.0  206.79095817338296
36.0  205.20184536667279
37.0  167.4940067579317
38.0  149.78744470904556
39.0  145.35431525864712
40.0  116.04504444537778
41.0  122.76222906721976
42.0  128.9106313900268
43.0  131.05883642339845
44.0  116.30753412944273
45.0  113.94689758102696
46.0  118.7274862133797
47.0  115.72388408511185
48.0  91.02888541815402
49.0  91.34003915345755
50.0  94.61754984722586
51.0  80.39819506418935
52.0  90.09032090137582
53.0  98.01868176887069
54.0  85.85836443694916
55.0  88.33318115913595
56.0  129.61301280144383
57.0  133.22626491911922
58.0  149.2803737001733
59.0  140.88795373824706
60.0  114.4690746138609
61.0  198.30672895511086
62.0  203.66019055864828
63.0  203.53708525487704
64.0  190.82752610720223
65.0  165.57541922535228
66.0  168.04183537269674
67.0  168.92810823050172
68.0  169.02174827772106
69.0  180.0891640837587
70.0  182.188770771117
71.0  81.61777337841812
72.0  117.04288828253853
73.0  114.95202171772524
74.0  83.09896986237099
75.0  156.07730656649323
76.0  151.29432471114285
77.0  133.873402966829
78.0  174.45630651979212
79.0  200.38681048070347
80.0  214.56000400612513
81.0  249.27040603291456
82.0  236.63853464589408
83.0  260.8879730779034
84.0  275.67771905844137
85.0  264.30476081213556
86.0  267.04684343078367
87.0  245.6192380311905
88.0  209.84508077861025
89.0  188.8880898400197
90.0  166.93177963044332
91.0  170.008226332944
92.0  145.39560599618076
93.0  161.8884391562118
94.0  179.47454158001094
95.0  128.69157558782837
96.0  125.87869139736006
97.0  126.2982821382658
98.0  143.67746266938244
99.0  145.83549484917464
100.0  148.11919126666993
100.0  156.25158090262607
