1.0  61.538645121893374
2.0  58.38149217896887
3.0  56.88472957591496
4.0  62.13683706573209
5.0  58.944189774661
6.0  61.37954837484992
7.0  64.43938445733586
8.0  68.69834405745819
9.0  64.90004327015872
10.0  66.24652540492824
11.0  71.19192597940318
12.0  67.99208401630796
13.0  67.5935990281533
14.0  73.90806545160842
15.0  69.35094991812812
16.0  74.80193543268773
17.0  74.99067079645664
18.0  67.9850265356688
19.0  66.65514588546266
20.0  70.4797974879013
21.0  70.34595785374643
22.0  68.60960675956505
23.0  73.49409687067042
24.0  72.07795000573472
25.0  71.90704782814478
26.0  69.40975261855544
27.0  73.84102068854276
28.0  69.17003783063086
29.0  72.21314242955023
30.0  78.8283703996954
31.0  71.55335376777452
32.0  70.54547885202092
33.0  69.41031911818148
34.0  67.38484375222237
35.0  72.8462772159616
36.0  71.87200420947389
37.0  82.98776147275314
38.0  68.09641014910989
39.0  71.67690735949529
40.0  74.09293828371808
41.0  75.65195187832043
42.0  88.98059074850131
43.0  91.88854445618074
44.0  88.71095817996567
45.0  86.24609406302068
46.0  88.83781456297093
47.0  89.26369285585058
48.0  92.61485960377834
49.0  88.22055343845987
50.0  92.20934044066944
51.0  106.2521483143927
52.0  90.24398121884556
53.0  88.12804538231103
54.0  90.35517888273185
55.0  87.7323687823303
56.0  88.34400726894077
57.0  88.87316075322784
58.0  85.85890889347613
59.0  91.4896635275086
60.0  92.18519742462063
61.0  89.26562434404448
62.0  90.61016827260319
63.0  99.14473373841221
64.0  105.71537602781258
65.0  98.13782087628056
66.0  100.59973133785948
67.0  100.19047646350286
68.0  85.3155868052726
69.0  88.24728551637493
70.0  96.16185212767772
71.0  87.4305632759397
72.0  95.27709250574989
73.0  97.52926552411493
74.0  86.79373523809855
75.0  86.4427438810586
76.0  87.81262984284002
77.0  93.18287173272657
78.0  91.97405474577134
79.0  89.00582167546865
80.0  91.26979507713662
81.0  88.23244604685141
82.0  92.82634255703917
83.0  83.39699764026255
84.0  83.50660964642032
85.0  101.44775308383328
86.0  86.03623813291443
87.0  88.33566102497483
88.0  87.70941304562518
89.0  87.4713594295059
90.0  91.28201394846604
91.0  98.37590257530246
92.0  83.91998909137479
93.0  90.09890220827752
94.0  86.54126292501755
95.0  87.77829528893281
96.0  91.13283096899428
97.0  95.72432882744873
98.0  83.97216333340239
99.0  89.24625576869015
100.0  92.35318964418168
100.0  101.96022753979625
