1.0  59.33702735002837
2.0  63.3845304806379
3.0  56.23756618201756
4.0  66.60667432006525
5.0  63.82555585988895
6.0  67.98256123857932
7.0  66.77425781684198
8.0  68.31931709181967
9.0  65.28311130296096
10.0  65.23292489136597
11.0  72.81637765511593
12.0  72.73988841467909
13.0  73.47451150818642
14.0  72.62673979288901
15.0  64.63855133374157
16.0  66.79384379833618
17.0  66.1241162957417
18.0  67.83900377859315
19.0  83.7645069169269
20.0  73.2877490723497
21.0  70.1720723079467
22.0  77.20759816953466
23.0  72.79702203483028
24.0  75.21191549603813
25.0  70.55850260496113
26.0  74.07196990430555
27.0  71.90166422178278
28.0  76.98375254396109
29.0  72.55603967223973
30.0  79.7836498987694
31.0  70.25327348367367
32.0  75.21728073414283
33.0  71.45959239746733
34.0  68.79148127257321
35.0  74.53213792791715
36.0  73.32036670487336
37.0  78.43378918897018
38.0  78.20452119419542
39.0  80.18528659330933
40.0  79.30462211930333
41.0  80.87528388756763
42.0  95.22412211306857
43.0  79.8770708478121
44.0  86.06402575683487
45.0  81.60482785514104
46.0  84.11474658204219
47.0  77.23385179129896
48.0  81.5430884112904
49.0  94.60110662344067
50.0  87.85262657471364
51.0  91.74690812579239
52.0  95.18598549530032
53.0  90.3760309723534
54.0  91.70636198917433
55.0  91.9465780242342
56.0  92.72459546613192
57.0  89.56949475386791
58.0  88.47900436515653
59.0  87.16344697283638
60.0  92.87684794368653
61.0  89.93506733214247
62.0  96.3005586234311
63.0  92.58948638337185
64.0  93.64018821643126
65.0  90.40238620822053
66.0  93.728028372032
67.0  92.72043348434951
68.0  91.77013227156318
69.0  91.98960432921494
70.0  90.96816295901266
71.0  90.1618261755152
72.0  91.2737976701132
73.0  97.80405542470002
74.0  103.77569066715299
75.0  93.42798073971122
76.0  107.02547695204215
77.0  104.6023709554344
78.0  93.98931093763439
79.0  92.9831440167468
80.0  105.37521402956409
81.0  96.38665947789144
82.0  94.38225325610053
83.0  95.51976829998921
84.0  94.4277591334221
85.0  91.01959646092381
86.0  109.48416090327831
87.0  91.14745432756654
88.0  93.28839684855282
89.0  95.7376477934392
90.0  92.5202458419744
91.0  93.3227204028248
92.0  95.50023595535812
93.0  94.99775247985826
94.0  86.62702123025139
95.0  83.2084180593697
96.0  88.50991196472718
97.0  89.1352104218
98.0  88.33434952360824
99.0  96.54047711110606
100.0  98.29893116337672
100.0  88.87063334461558
