1.0  162.9584
2.0  752.9602236198464
3.0  927.8660259203398
4.0  1069.0418986238246
5.0  1175.638314581686
6.0  1321.568975155279
7.0  1424.6463856585146
8.0  1482.991446204674
9.0  1549.709411146487
10.0  1600.5202035221052
11.0  686.0904954624592
12.0  546.7543384713733
13.0  585.9690151096427
14.0  719.7142375739295
15.0  619.3065601316864
16.0  776.8881794898093
17.0  652.8630818875686
18.0  639.1346982395145
19.0  750.3911510583945
20.0  800.1935775136442
21.0  834.9676271410763
22.0  845.1054414431957
23.0  870.9702770382592
24.0  840.5375640699001
25.0  1012.4773395604274
26.0  1168.7865661132796
27.0  1223.9849923735273
28.0  951.9255676203787
29.0  853.0783788070362
30.0  955.4412431570837
31.0  1051.4348585099694
32.0  854.328506440658
33.0  725.468797538891
34.0  652.0042643802715
35.0  724.4231608649953
36.0  796.0631974989537
37.0  795.5956011443883
38.0  787.6881578066746
39.0  643.7756485383635
40.0  698.4695919259419
41.0  899.8261507313572
42.0  805.7692554555341
43.0  767.2267430453309
44.0  706.3537945243894
45.0  780.2765613770099
46.0  889.9873472341819
47.0  1020.4061065236627
48.0  894.1022825099237
49.0  926.8986530714368
50.0  945.995310024463
51.0  839.9003888989033
52.0  760.6231226851521
53.0  734.420927500447
54.0  924.5499403081164
55.0  786.1078933539601
56.0  777.5327141158612
57.0  716.8093003570955
58.0  990.3106445634681
59.0  1211.500852242216
60.0  1241.6584528481314
61.0  1325.1864725534972
62.0  1344.7578161390818
63.0  1091.3367032232347
64.0  998.2736680214905
65.0  1322.4429968558024
66.0  1308.366065134676
67.0  1404.3500923304778
68.0  1119.603845756139
69.0  944.8061318491673
70.0  942.703465543875
71.0  935.2843770108392
72.0  933.6104829920755
73.0  863.3060236344407
74.0  654.2046794428784
75.0  814.2219950870488
76.0  855.9659819775194
77.0  750.4611246173693
78.0  732.1766273157647
79.0  714.9531528815162
80.0  873.742945555935
81.0  801.39677388539
82.0  831.2778220388075
83.0  973.0494779554447
84.0  979.790642754703
85.0  501.4771820126585
86.0  704.3913713636294
87.0  711.2276162393064
88.0  739.2521140914342
89.0  821.4606361426636
90.0  675.2857853522623
91.0  1073.6457051050086
92.0  1121.9297092160932
93.0  1167.1640500195776
94.0  1220.9226009029471
95.0  1228.0312852615793
96.0  1087.1536672392747
97.0  1290.9283615132872
98.0  1335.8600129567674
99.0  1189.7730130935392
100.0  1287.4031917962109
100.0  1238.262785995653
