1.0  172.05173333333337
2.0  802.1603453505559
3.0  942.3315854548651
4.0  1053.6234706949347
5.0  1141.6832154331096
6.0  1220.5172504784423
7.0  1330.7099394660627
8.0  1433.366861401981
9.0  1328.0179766884717
10.0  1483.295302305122
11.0  705.995107598013
12.0  863.2855858479235
13.0  1010.9191627421138
14.0  1042.2579847685272
15.0  1304.370745239273
16.0  1117.7778060245798
17.0  1223.2425400477844
18.0  1177.3670463991275
19.0  1283.85771494878
20.0  1191.921493893916
21.0  1161.781945175145
22.0  1129.2159736837725
23.0  1179.7709708529326
24.0  1087.8847738306647
25.0  768.5888720043788
26.0  835.5045168060079
27.0  917.7795398260907
28.0  753.5836246861178
29.0  1157.8687046007205
30.0  976.3235022969757
31.0  931.0692430241716
32.0  1057.6804633167956
33.0  1214.0148123751876
34.0  1309.8384103868966
35.0  889.4671572670542
36.0  891.6563753221899
37.0  874.5449287515116
38.0  662.7711720558888
39.0  531.1658390938612
40.0  628.3193222141488
41.0  982.9886246342659
42.0  918.5714995512784
43.0  833.2733027188967
44.0  863.7235140721373
45.0  997.7344226576479
46.0  1085.488761060819
47.0  1294.2118959265174
48.0  949.4417489590182
49.0  1176.4856401480054
50.0  935.1940542162306
51.0  1109.1418019643436
52.0  964.3097391610122
53.0  1575.5145858742394
54.0  1446.2056179899905
55.0  1364.2475141089037
56.0  1364.3795079444762
57.0  1547.8551190363307
58.0  1867.6142149867035
59.0  1587.1638192195464
60.0  1463.2793521094757
61.0  1618.3396263840918
62.0  1688.001895601992
63.0  1642.0076990515222
64.0  1547.2468924132886
65.0  1597.6111177552277
66.0  1583.864714998523
67.0  1247.689645853291
68.0  880.3793260855647
69.0  1372.1923742585866
70.0  2500.6795120922966
71.0  1971.5831697446101
72.0  2190.2015073592183
73.0  1866.0383378487024
74.0  1706.683056843215
75.0  1840.8985560807014
76.0  2082.956990405783
77.0  2072.8019756133326
78.0  2341.44113751516
79.0  2188.727931702925
80.0  1745.3147788465376
81.0  1766.3564484023793
82.0  1574.0617544924958
83.0  1381.862554057445
84.0  1663.359928580196
85.0  1857.2765076825615
86.0  1637.085708774003
87.0  1798.0033183837172
88.0  1765.5313471566042
89.0  1838.3296726413816
90.0  1501.6091654979582
91.0  1734.7250608896943
92.0  1907.6540998655178
93.0  1963.399575082267
94.0  1597.317591850479
95.0  1238.671448861973
96.0  1287.3046553642218
97.0  1508.4342550925696
98.0  1079.8141299089689
99.0  1117.4238112266378
100.0  1136.811908582956
100.0  1229.457165685046
