1.0  500.0
2.0  106.0
3.0  102.0
4.0  101.0
5.0  99.0
6.0  92.0
7.0  78.0
8.0  55.0
9.0  35.0
10.0  27.0
11.0  23.0
12.0  23.0
13.0  21.0
14.0  18.0
15.0  16.0
16.0  16.0
17.0  13.0
18.0  16.0
19.0  17.0
20.0  18.0
21.0  16.0
22.0  18.0
23.0  18.0
24.0  20.0
25.0  16.0
26.0  15.0
27.0  16.0
28.0  16.0
29.0  16.0
30.0  15.0
31.0  15.0
32.0  15.0
33.0  15.0
34.0  15.0
35.0  15.0
36.0  14.0
37.0  14.0
38.0  15.0
39.0  15.0
40.0  14.0
41.0  14.0
42.0  14.0
43.0  15.0
44.0  15.0
45.0  15.0
46.0  16.0
47.0  17.0
48.0  17.0
49.0  17.0
50.0  17.0
51.0  17.0
52.0  15.0
53.0  16.0
54.0  15.0
55.0  13.0
56.0  13.0
57.0  13.0
58.0  14.0
59.0  16.0
60.0  15.0
61.0  15.0
62.0  15.0
63.0  15.0
64.0  16.0
65.0  17.0
66.0  17.0
67.0  17.0
68.0  16.0
69.0  16.0
70.0  15.0
71.0  15.0
72.0  15.0
73.0  15.0
74.0  15.0
75.0  17.0
76.0  17.0
77.0  16.0
78.0  15.0
79.0  15.0
80.0  16.0
81.0  16.0
82.0  16.0
83.0  14.0
84.0  13.0
85.0  13.0
86.0  13.0
87.0  13.0
88.0  13.0
89.0  13.0
90.0  12.0
91.0  14.0
92.0  13.0
93.0  13.0
94.0  12.0
95.0  12.0
96.0  13.0
97.0  11.0
98.0  11.0
99.0  12.0
100.0  12.0
100.0  14.0
