1.0  340.3333333333333
2.0  616.3333333333334
3.0  604.6666666666666
4.0  619.6666666666666
5.0  638.0
6.0  670.0
7.0  683.6666666666666
8.0  669.3333333333334
9.0  685.6666666666666
10.0  695.3333333333334
11.0  1017.6666666666666
12.0  1024.0
13.0  708.6666666666666
14.0  700.6666666666666
15.0  786.6666666666666
16.0  877.0
17.0  854.0
18.0  873.6666666666666
19.0  870.3333333333334
20.0  931.6666666666666
21.0  937.6666666666666
22.0  919.6666666666666
23.0  924.6666666666666
24.0  932.6666666666666
25.0  936.0
26.0  925.3333333333334
27.0  932.3333333333334
28.0  928.6666666666666
29.0  1096.3333333333333
30.0  1096.6666666666667
31.0  1233.0
32.0  1224.3333333333333
33.0  1229.0
34.0  1100.0
35.0  1234.3333333333333
36.0  1287.3333333333333
37.0  987.0
38.0  1066.3333333333333
39.0  1068.3333333333333
40.0  1330.0
41.0  1326.6666666666667
42.0  1009.0
43.0  1316.0
44.0  2226.0
45.0  2221.0
46.0  1618.6666666666667
47.0  1605.6666666666667
48.0  1024.6666666666667
49.0  1022.6666666666666
50.0  1081.3333333333333
51.0  935.0
52.0  1002.3333333333334
53.0  1028.3333333333333
54.0  1030.3333333333333
55.0  1019.0
56.0  1104.0
57.0  1101.6666666666667
58.0  1316.0
59.0  1166.3333333333333
60.0  1346.0
61.0  1338.3333333333333
62.0  1345.0
63.0  1349.0
64.0  1344.3333333333333
65.0  1335.3333333333333
66.0  1355.0
67.0  2847.3333333333335
68.0  3809.0
69.0  3783.6666666666665
70.0  3795.6666666666665
71.0  3783.6666666666665
72.0  3800.3333333333335
73.0  3799.6666666666665
74.0  3799.6666666666665
75.0  3789.3333333333335
76.0  3782.3333333333335
77.0  3803.0
78.0  3807.0
79.0  3791.6666666666665
80.0  3791.6666666666665
81.0  3797.6666666666665
82.0  3793.3333333333335
83.0  3794.6666666666665
84.0  3789.0
85.0  3783.3333333333335
86.0  3795.6666666666665
87.0  3784.6666666666665
88.0  3787.3333333333335
89.0  3789.0
90.0  3793.6666666666665
91.0  3947.3333333333335
92.0  4131.666666666667
93.0  3805.0
94.0  3797.6666666666665
95.0  3794.0
96.0  3800.3333333333335
97.0  3793.3333333333335
98.0  3782.3333333333335
99.0  3791.6666666666665
100.0  2815.3333333333335
100.0  2818.6666666666665
