1.0  312.0
2.0  617.6666666666666
3.0  609.3333333333334
4.0  681.0
5.0  794.6666666666666
6.0  870.0
7.0  776.6666666666666
8.0  867.0
9.0  1101.6666666666667
10.0  685.0
11.0  885.6666666666666
12.0  1075.6666666666667
13.0  906.6666666666666
14.0  1075.0
15.0  919.0
16.0  1072.3333333333333
17.0  1078.3333333333333
18.0  755.0
19.0  1075.0
20.0  1240.6666666666667
21.0  1348.6666666666667
22.0  860.0
23.0  1400.6666666666667
24.0  995.3333333333334
25.0  864.3333333333334
26.0  736.0
27.0  939.3333333333334
28.0  783.6666666666666
29.0  873.0
30.0  879.3333333333334
31.0  881.6666666666666
32.0  940.0
33.0  926.0
34.0  1077.0
35.0  1073.3333333333333
36.0  1078.6666666666667
37.0  1068.0
38.0  1085.3333333333333
39.0  1086.0
40.0  1084.0
41.0  1085.6666666666667
42.0  1030.0
43.0  1079.3333333333333
44.0  1210.0
45.0  1095.3333333333333
46.0  1360.3333333333333
47.0  1473.0
48.0  1709.0
49.0  1484.3333333333333
50.0  1702.0
51.0  1579.6666666666667
52.0  1724.0
53.0  1766.0
54.0  1769.6666666666667
55.0  1757.0
56.0  2300.6666666666665
57.0  1753.3333333333333
58.0  1763.6666666666667
59.0  1760.0
60.0  1775.0
61.0  1769.0
62.0  1772.0
63.0  1770.0
64.0  1776.6666666666667
65.0  1767.6666666666667
66.0  1758.3333333333333
67.0  1777.0
68.0  1762.6666666666667
69.0  1767.6666666666667
70.0  1769.6666666666667
71.0  1774.0
72.0  1755.6666666666667
73.0  1776.3333333333333
74.0  1767.0
75.0  1769.6666666666667
76.0  1769.0
77.0  1775.0
78.0  1754.6666666666667
79.0  1775.6666666666667
80.0  1763.6666666666667
81.0  1755.6666666666667
82.0  1762.6666666666667
83.0  1768.0
84.0  1682.0
85.0  1318.6666666666667
86.0  1687.3333333333333
87.0  1671.0
88.0  1314.0
89.0  1667.3333333333333
90.0  1673.3333333333333
91.0  1678.0
92.0  1743.3333333333333
93.0  1734.6666666666667
94.0  1761.0
95.0  1747.0
96.0  1732.6666666666667
97.0  1750.3333333333333
98.0  1740.3333333333333
99.0  2235.3333333333335
100.0  2234.6666666666665
100.0  2246.3333333333335
