1.0  161.04000000000005
2.0  730.6170166870171
3.0  829.5051434126317
4.0  895.242739707567
5.0  987.2980871820049
6.0  1195.9798883656024
7.0  1187.5348682481927
8.0  1230.7776267135189
9.0  1180.1649926558548
10.0  1013.1396961497347
11.0  720.404175398262
12.0  770.4851670058415
13.0  808.5391259005918
14.0  687.5842216824558
15.0  800.1623865786779
16.0  796.4638263121975
17.0  841.187581838498
18.0  654.9576436389647
19.0  866.5330732043865
20.0  947.9086536042126
21.0  933.8457913584808
22.0  616.6329371427025
23.0  699.806617447986
24.0  876.1600168097142
25.0  911.3771013311402
26.0  1110.6816075190845
27.0  1192.7452557226402
28.0  1285.3472999303056
29.0  940.9374846095968
30.0  808.2664698981436
31.0  721.207019935331
32.0  740.2746988927753
33.0  561.8865913784944
34.0  459.80255279841487
35.0  464.58951388710915
36.0  529.5201334776334
37.0  539.9932885228258
38.0  606.6437296544252
39.0  649.7501111353093
40.0  768.4870217884402
41.0  917.7700239010638
42.0  986.9128874347915
43.0  1240.4165852891442
44.0  1318.8058124779263
45.0  1408.077366943229
46.0  1315.9717830459879
47.0  1601.9438993200324
48.0  1565.1987305962004
49.0  1386.7946556873721
50.0  1480.571714534689
51.0  1290.1411839279276
52.0  1008.7756348633542
53.0  973.4217724619723
54.0  861.5724243624195
55.0  628.7370428766396
56.0  721.790198831638
57.0  418.1027124017221
58.0  338.2792408447719
59.0  362.67287218223487
60.0  413.89921194302565
61.0  472.57851431683787
62.0  671.2741809182
63.0  904.8058433433831
64.0  849.6731398256578
65.0  748.5032178420595
66.0  796.323968225167
67.0  873.5498177677504
68.0  967.2291563200055
69.0  947.3883421176893
70.0  770.1109156382147
71.0  801.3882482063176
72.0  812.1071313401172
73.0  720.7678513276743
74.0  736.2237878787877
75.0  739.297746930744
76.0  831.7740123583576
77.0  898.0382239786027
78.0  964.1170321540027
79.0  1028.3323943161918
80.0  1234.6530569824208
81.0  1319.475216255901
82.0  1342.824574616323
83.0  1520.3825946157112
84.0  1450.634966485714
85.0  1552.5649808604667
86.0  1476.5681933566357
87.0  1551.0239964461953
88.0  1261.4860048136093
89.0  898.7088722983008
90.0  952.462759760892
91.0  737.3360706359376
92.0  590.3284213342445
93.0  330.3098661980764
94.0  308.1501479317884
95.0  328.8756822713913
96.0  364.0858609151238
97.0  407.71369989365326
98.0  428.11504482997793
99.0  469.2243194601546
100.0  1005.3179895401512
100.0  831.8540725222982
