1.0  500.0
2.0  99.0
3.0  95.0
4.0  97.0
5.0  97.0
6.0  91.0
7.0  79.0
8.0  49.0
9.0  34.0
10.0  24.0
11.0  14.0
12.0  18.0
13.0  17.0
14.0  18.0
15.0  17.0
16.0  18.0
17.0  17.0
18.0  14.0
19.0  17.0
20.0  17.0
21.0  16.0
22.0  15.0
23.0  15.0
24.0  18.0
25.0  19.0
26.0  18.0
27.0  20.0
28.0  20.0
29.0  20.0
30.0  18.0
31.0  17.0
32.0  17.0
33.0  15.0
34.0  15.0
35.0  14.0
36.0  14.0
37.0  13.0
38.0  13.0
39.0  14.0
40.0  14.0
41.0  15.0
42.0  16.0
43.0  16.0
44.0  16.0
45.0  17.0
46.0  17.0
47.0  17.0
48.0  18.0
49.0  18.0
50.0  18.0
51.0  19.0
52.0  19.0
53.0  18.0
54.0  17.0
55.0  16.0
56.0  16.0
57.0  16.0
58.0  15.0
59.0  15.0
60.0  16.0
61.0  15.0
62.0  16.0
63.0  15.0
64.0  14.0
65.0  13.0
66.0  12.0
67.0  10.0
68.0  11.0
69.0  11.0
70.0  9.0
71.0  9.0
72.0  11.0
73.0  11.0
74.0  10.0
75.0  10.0
76.0  11.0
77.0  11.0
78.0  12.0
79.0  15.0
80.0  14.0
81.0  14.0
82.0  17.0
83.0  19.0
84.0  20.0
85.0  18.0
86.0  16.0
87.0  16.0
88.0  15.0
89.0  15.0
90.0  15.0
91.0  17.0
92.0  16.0
93.0  16.0
94.0  15.0
95.0  14.0
96.0  14.0
97.0  13.0
98.0  12.0
99.0  13.0
100.0  14.0
100.0  15.0
