1.0  500.0
2.0  119.0
3.0  113.0
4.0  113.0
5.0  112.0
6.0  106.0
7.0  81.0
8.0  50.0
9.0  37.0
10.0  31.0
11.0  24.0
12.0  21.0
13.0  20.0
14.0  18.0
15.0  20.0
16.0  20.0
17.0  20.0
18.0  20.0
19.0  19.0
20.0  14.0
21.0  18.0
22.0  16.0
23.0  14.0
24.0  15.0
25.0  15.0
26.0  14.0
27.0  13.0
28.0  13.0
29.0  13.0
30.0  11.0
31.0  10.0
32.0  15.0
33.0  16.0
34.0  17.0
35.0  18.0
36.0  15.0
37.0  16.0
38.0  19.0
39.0  18.0
40.0  17.0
41.0  16.0
42.0  14.0
43.0  15.0
44.0  15.0
45.0  17.0
46.0  16.0
47.0  14.0
48.0  14.0
49.0  15.0
50.0  15.0
51.0  15.0
52.0  14.0
53.0  14.0
54.0  13.0
55.0  13.0
56.0  14.0
57.0  16.0
58.0  15.0
59.0  15.0
60.0  15.0
61.0  16.0
62.0  17.0
63.0  18.0
64.0  19.0
65.0  20.0
66.0  20.0
67.0  18.0
68.0  16.0
69.0  14.0
70.0  14.0
71.0  14.0
72.0  12.0
73.0  13.0
74.0  13.0
75.0  13.0
76.0  16.0
77.0  15.0
78.0  13.0
79.0  15.0
80.0  16.0
81.0  17.0
82.0  17.0
83.0  15.0
84.0  16.0
85.0  17.0
86.0  16.0
87.0  15.0
88.0  14.0
89.0  14.0
90.0  13.0
91.0  14.0
92.0  15.0
93.0  15.0
94.0  16.0
95.0  17.0
96.0  14.0
97.0  14.0
98.0  13.0
99.0  14.0
100.0  15.0
100.0  17.0
