1.0  198.89759999999998
2.0  747.3156302521008
3.0  822.2739036381514
4.0  954.1657058575645
5.0  988.8390634920635
6.0  1045.056468214953
7.0  1158.9536801806878
8.0  1103.132542962232
9.0  1160.3284480443074
10.0  1306.3207924170724
11.0  912.0251526780967
12.0  977.8202957519596
13.0  1097.8700494677482
14.0  1079.607319122424
15.0  972.3184430084699
16.0  1126.719017782019
17.0  985.2730760895889
18.0  1011.7017083385474
19.0  650.9332304688701
20.0  542.7934355410135
21.0  779.7145498932088
22.0  600.5590207943401
23.0  483.3413779499869
24.0  558.8980792774162
25.0  814.0268273523488
26.0  945.3294804113892
27.0  953.0781347953972
28.0  913.9796830249489
29.0  1120.936297226136
30.0  1007.3582933218374
31.0  1052.4454406868285
32.0  1215.8156643667674
33.0  1596.7105044260227
34.0  1567.5195271120435
35.0  1524.9957589377846
36.0  1143.82107319581
37.0  1341.4820161243335
38.0  1419.1291980942885
39.0  1143.846208187545
40.0  1241.9564549269091
41.0  1836.311534054645
42.0  1021.836348284156
43.0  1236.360659688861
44.0  1236.1248480503841
45.0  1374.367015448488
46.0  1267.3660836572528
47.0  1343.578877728947
48.0  993.2901670155242
49.0  1320.669675951955
50.0  1389.2363207882406
51.0  1170.5963350298819
52.0  1210.4951101293111
53.0  1111.1086848622133
54.0  1297.1371870894136
55.0  1410.5812034525798
56.0  1532.2871900020984
57.0  1697.210326458326
58.0  1957.3467198134442
59.0  1449.9001043788253
60.0  1464.779943126341
61.0  1577.527808315295
62.0  1524.742189021262
63.0  1409.111813812396
64.0  1379.592176218932
65.0  1427.9275846510038
66.0  1243.7370223554294
67.0  979.6037988992188
68.0  664.1626324764711
69.0  761.3746534761115
70.0  750.2697528083861
71.0  881.8730413130785
72.0  872.1370275308269
73.0  940.7771233559072
74.0  769.4394517907605
75.0  766.9752578933003
76.0  973.9067275386383
77.0  1173.5043658779
78.0  1244.540062399386
79.0  1541.8433797814662
80.0  1832.7673826817265
81.0  1309.1930671805183
82.0  1450.9942449336033
83.0  1416.64439757562
84.0  1446.3245218639208
85.0  1537.1460585263685
86.0  1302.9284047676178
87.0  1129.9383673996156
88.0  1660.3272593427012
89.0  975.6555123292255
90.0  897.8894137078288
91.0  1220.8182987385703
92.0  1076.8975840241628
93.0  1164.8795606714245
94.0  1255.400449817812
95.0  1350.2070158110537
96.0  1257.9003588142373
97.0  1261.6755842242642
98.0  1095.8028327679074
99.0  978.5634474731997
100.0  931.0006275603723
100.0  923.4929943830366
