1.0  355.0
2.0  363.0
3.0  448.0
4.0  440.0
5.0  445.0
6.0  634.0
7.0  672.0
8.0  614.0
9.0  723.0
10.0  1003.0
11.0  695.0
12.0  725.0
13.0  1024.0
14.0  1024.0
15.0  808.0
16.0  733.0
17.0  822.0
18.0  727.0
19.0  721.0
20.0  728.0
21.0  965.0
22.0  965.0
23.0  854.0
24.0  993.0
25.0  1012.0
26.0  715.0
27.0  996.0
28.0  988.0
29.0  1001.0
30.0  1000.0
31.0  1176.0
32.0  1165.0
33.0  975.0
34.0  993.0
35.0  1089.0
36.0  1135.0
37.0  987.0
38.0  1207.0
39.0  985.0
40.0  989.0
41.0  998.0
42.0  1171.0
43.0  1004.0
44.0  1020.0
45.0  1025.0
46.0  989.0
47.0  1014.0
48.0  1128.0
49.0  1157.0
50.0  1010.0
51.0  1143.0
52.0  1000.0
53.0  1031.0
54.0  1164.0
55.0  1155.0
56.0  1171.0
57.0  1166.0
58.0  1130.0
59.0  1172.0
60.0  1175.0
61.0  1176.0
62.0  1229.0
63.0  1148.0
64.0  2647.0
65.0  1167.0
66.0  1147.0
67.0  1190.0
68.0  1176.0
69.0  1170.0
70.0  1156.0
71.0  1138.0
72.0  1146.0
73.0  1730.0
74.0  1133.0
75.0  1131.0
76.0  1182.0
77.0  1135.0
78.0  1163.0
79.0  1132.0
80.0  1157.0
81.0  1017.0
82.0  1496.0
83.0  894.0
84.0  998.0
85.0  980.0
86.0  1022.0
87.0  1098.0
88.0  1168.0
89.0  1173.0
90.0  1178.0
91.0  1053.0
92.0  1546.0
93.0  1540.0
94.0  748.0
95.0  1044.0
96.0  1216.0
97.0  1411.0
98.0  971.0
99.0  953.0
100.0  1180.0
100.0  986.0
