1.0  392.0
2.0  427.0
3.0  415.0
4.0  425.0
5.0  545.0
6.0  684.0
7.0  441.0
8.0  428.0
9.0  685.0
10.0  1075.0
11.0  731.0
12.0  468.0
13.0  679.0
14.0  712.0
15.0  442.0
16.0  711.0
17.0  713.0
18.0  710.0
19.0  1014.0
20.0  699.0
21.0  855.0
22.0  1190.0
23.0  706.0
24.0  847.0
25.0  836.0
26.0  841.0
27.0  865.0
28.0  1177.0
29.0  1183.0
30.0  1106.0
31.0  1166.0
32.0  706.0
33.0  983.0
34.0  1015.0
35.0  985.0
36.0  1141.0
37.0  722.0
38.0  990.0
39.0  636.0
40.0  740.0
41.0  914.0
42.0  1182.0
43.0  1217.0
44.0  1216.0
45.0  1022.0
46.0  1876.0
47.0  1035.0
48.0  1018.0
49.0  1153.0
50.0  1002.0
51.0  1159.0
52.0  911.0
53.0  937.0
54.0  1119.0
55.0  951.0
56.0  1018.0
57.0  1007.0
58.0  1050.0
59.0  1035.0
60.0  1604.0
61.0  725.0
62.0  977.0
63.0  739.0
64.0  1007.0
65.0  1071.0
66.0  979.0
67.0  1006.0
68.0  784.0
69.0  707.0
70.0  973.0
71.0  978.0
72.0  1004.0
73.0  987.0
74.0  1180.0
75.0  1173.0
76.0  992.0
77.0  945.0
78.0  965.0
79.0  991.0
80.0  991.0
81.0  1002.0
82.0  865.0
83.0  896.0
84.0  1006.0
85.0  1009.0
86.0  1157.0
87.0  1163.0
88.0  1214.0
89.0  1210.0
90.0  1333.0
91.0  1300.0
92.0  1308.0
93.0  1336.0
94.0  1299.0
95.0  1334.0
96.0  1341.0
97.0  1295.0
98.0  1220.0
99.0  1214.0
100.0  958.0
100.0  986.0
