1.0  109.02956268025258
2.0  123.65639539664821
3.0  116.14715909713048
4.0  104.23275269966467
5.0  108.30761801106115
6.0  114.9713444516031
7.0  117.62739747377935
8.0  114.15608110433753
9.0  109.27745746617427
10.0  110.55314580130914
11.0  115.76587186147468
12.0  118.04288070733178
13.0  106.27188300864997
14.0  100.30723461620869
15.0  95.10061629690915
16.0  117.48353126736856
17.0  97.21543237977187
18.0  104.88535908875966
19.0  93.74768436260074
20.0  107.66116858121259
21.0  101.80436959249197
22.0  100.00648118735974
23.0  97.57251350960766
24.0  94.05483187469652
25.0  103.2025612962057
26.0  99.1425560452991
27.0  104.63666463239295
28.0  101.12736281122017
29.0  98.12681302219987
30.0  100.78697704010544
31.0  117.60349783586315
32.0  103.1119455560914
33.0  90.08565957273693
34.0  90.88941837271192
35.0  94.53206622607412
36.0  90.88298693461397
37.0  90.08565957273693
38.0  91.61528553235013
39.0  91.54703883242495
40.0  91.95364640162688
41.0  91.09730562328951
42.0  92.47639475413645
43.0  94.66823430549978
44.0  98.06056929325446
45.0  92.57429255906662
46.0  94.09970641862881
47.0  92.01937906117867
48.0  91.95592896188776
49.0  90.26056594276389
50.0  90.62953886187768
51.0  90.07904158465027
52.0  90.54010487114301
53.0  95.9516940830998
54.0  98.33230300996019
55.0  95.95188552269721
56.0  97.15452141248603
57.0  96.36559640792971
58.0  94.90945651869667
59.0  95.44852413509322
60.0  92.74977884980852
61.0  93.02935045966247
62.0  93.52882989299503
63.0  91.79146246980584
64.0  93.21177805318126
65.0  96.99227441458181
66.0  96.60850690210601
67.0  95.4888907488054
68.0  98.56257937202086
69.0  113.91399571867778
70.0  98.24415907656909
71.0  100.16488951158472
72.0  104.64679904166165
73.0  99.89470494104886
74.0  99.90325484668482
75.0  99.6573817394344
76.0  103.75178873198723
77.0  105.41956375389294
78.0  114.32844321343397
79.0  117.56599505044875
80.0  108.472249033919
81.0  131.7613030760129
82.0  125.2733234192422
83.0  130.46140187598456
84.0  124.93798526678687
85.0  133.06888565748
86.0  137.1025879487648
87.0  128.79044092334178
88.0  124.45806301880569
89.0  129.1165975878758
90.0  127.9531257248864
91.0  126.25337364067055
92.0  133.89708022778893
93.0  142.6347775696202
94.0  132.78122973554844
95.0  141.49057437712173
96.0  154.68190446844613
97.0  154.17275539572495
98.0  151.60320410315254
99.0  167.29962524632182
100.0  144.1530245394704
100.0  143.8416993880041
