1.0  128.8364225568041
2.0  104.06973711765937
3.0  107.91308873135165
4.0  99.09960924733583
5.0  104.83814011669362
6.0  116.61317161075506
7.0  114.27678846599768
8.0  128.5153158212218
9.0  130.7018137505362
10.0  128.0727435238602
11.0  129.50861604725912
12.0  123.1068953152011
13.0  124.77788427842165
14.0  116.96098128453644
15.0  118.2179234458059
16.0  105.56477318002455
17.0  109.4627339425829
18.0  112.78238091318457
19.0  116.74085348329717
20.0  132.87819367256526
21.0  138.59536554509148
22.0  119.77259892059764
23.0  130.73026815743071
24.0  125.65800035205542
25.0  136.16874695412966
26.0  137.79909864625668
27.0  142.2661777587715
28.0  135.38202444793566
29.0  125.92686128261053
30.0  126.57533080956509
31.0  143.78094990160446
32.0  140.34490272877815
33.0  141.33875716599385
34.0  139.51477227469655
35.0  145.98971988497527
36.0  143.10251083531193
37.0  149.38568318687456
38.0  143.50652681438464
39.0  144.42690703387223
40.0  142.3791085281331
41.0  145.26895595520122
42.0  144.06798583774358
43.0  143.36462988122318
44.0  143.12525326982245
45.0  145.78819927342317
46.0  139.99962274801157
47.0  143.37867887853344
48.0  145.5727781734032
49.0  146.37626160835936
50.0  146.40061976949306
51.0  141.210586378301
52.0  151.1081770287289
53.0  143.7290824461867
54.0  145.51767463029876
55.0  139.91936067467083
56.0  143.5208377722427
57.0  141.7769554424905
58.0  151.51013903527206
59.0  147.7280931749595
60.0  153.8357736790569
61.0  144.79860184341095
62.0  148.9571857324714
63.0  139.43474857806123
64.0  148.36177812334589
65.0  154.11427171083383
66.0  149.76549652138365
67.0  147.22343356432313
68.0  144.8055456732742
69.0  149.65911629719517
70.0  146.48082795451577
71.0  153.23847293248636
72.0  150.21957792442612
73.0  151.84257751182565
74.0  146.77819019233053
75.0  164.0833943431373
76.0  150.32285334231074
77.0  149.93007914446292
78.0  148.19358143111197
79.0  151.31212429882305
80.0  150.25822656911265
81.0  153.96174615611537
82.0  158.662076741525
83.0  154.94788648952036
84.0  152.81719633786764
85.0  156.69510680714203
86.0  152.44313573262068
87.0  153.61839595552127
88.0  153.45354938584876
89.0  148.87152664308206
90.0  156.50444462101663
91.0  158.29765654403218
92.0  151.77303566880033
93.0  162.93327486836992
94.0  154.8824131865281
95.0  163.41747914453128
96.0  158.72078836869207
97.0  163.15123829904527
98.0  154.10070481214046
99.0  157.28741011018653
100.0  154.85996588272323
100.0  151.46540981351234
