1.0  441.3913160073721
2.0  587.1823313193484
3.0  584.4927577321099
4.0  574.1476391918471
5.0  581.6935894797105
6.0  608.6275302615713
7.0  634.8430996161563
8.0  629.4721017484231
9.0  623.7210809471179
10.0  608.8057240366272
11.0  431.51165167408055
12.0  341.3787962534732
13.0  421.1403246354468
14.0  397.5540849583426
15.0  80.42693400199673
16.0  444.46705838858117
17.0  82.46329617793612
18.0  445.08005496159603
19.0  78.42006477807435
20.0  356.28001796731957
21.0  466.959047064709
22.0  509.13675559395443
23.0  533.1997041046442
24.0  539.5930063857053
25.0  544.1571344822999
26.0  556.3396136989655
27.0  581.627286739085
28.0  585.9242300112702
29.0  583.876903017845
30.0  231.11956052610168
31.0  490.5592951786634
32.0  513.4402160184782
33.0  487.03121131129274
34.0  532.4965298474506
35.0  524.70303632773
36.0  535.288461873082
37.0  573.0027342485083
38.0  572.3588863728039
39.0  582.8385615534613
40.0  591.4713705584045
41.0  496.5347509029495
42.0  492.78507835705545
43.0  508.4199690082292
44.0  466.58150711872577
45.0  482.0657033952655
46.0  466.23526371388573
47.0  435.4493367142095
48.0  419.564020932674
49.0  399.253932895641
50.0  389.5922591222519
51.0  338.0309093211404
52.0  307.00094108776705
53.0  254.82891902099226
54.0  207.0510894595831
55.0  309.14234099509736
56.0  326.654749196259
57.0  293.2585542907975
58.0  256.1409753729759
59.0  266.87139461509844
60.0  130.0836770632973
61.0  217.2944047460851
62.0  175.13379440942148
63.0  213.54232313880368
64.0  222.97422815507716
65.0  330.62901951797966
66.0  359.8985773502417
67.0  397.60990537416995
68.0  431.4827737767043
69.0  396.4734243157819
70.0  469.61344780909513
71.0  435.3188079671487
72.0  415.00563286825985
73.0  395.2192239545747
74.0  429.1427626998087
75.0  421.1177053636491
76.0  416.9288997926148
77.0  476.0249781687465
78.0  475.6126744488803
79.0  442.23425948315935
80.0  383.0241684645251
81.0  397.9019483002772
82.0  406.6936959050031
83.0  402.38725382389526
84.0  431.1353726473863
85.0  382.6226655504405
86.0  387.19000222063045
87.0  291.0283014195301
88.0  315.0052703364472
89.0  312.8230717756214
90.0  315.5278230305426
91.0  313.0519002802032
92.0  376.0942425774051
93.0  424.0437357383734
94.0  363.2608414861649
95.0  574.3110209916971
96.0  557.7619310687058
97.0  601.5262886387982
98.0  616.7809901001615
99.0  639.3992475034412
100.0  694.7705984793798
100.0  664.6891123071429
