1.0  -1158.654825905957
2.0  -422.89881746424606
3.0  589.530640555912
4.0  445.5022274681722
5.0  507.2110747981702
6.0  538.0444978731023
7.0  530.2896450191072
8.0  538.9910239704649
9.0  610.7631748223885
10.0  621.0987084792299
11.0  541.527102824555
12.0  548.5094255132751
13.0  472.8744743174628
14.0  482.09426889824994
15.0  432.8376660764176
16.0  389.62249966977305
17.0  408.6867829944278
18.0  373.6810230984927
19.0  296.39478319069156
20.0  356.0215410010676
21.0  423.6170154422943
22.0  429.5832858319593
23.0  347.4158700997007
24.0  400.58763009634436
25.0  458.50084835129076
26.0  496.7617065188878
27.0  533.6303240028205
28.0  135.8701496040744
29.0  156.64907139561151
30.0  666.5412945458772
31.0  791.0299584705609
32.0  807.4553965090025
33.0  793.276507277853
34.0  771.6499505302659
35.0  742.0895130539345
36.0  757.9694977524392
37.0  755.6086798312916
38.0  776.8699943242573
39.0  808.5705406263803
40.0  616.4109790446495
41.0  536.063469340805
42.0  497.91770949473454
43.0  451.3102513798248
44.0  446.0031691132896
45.0  437.3224009231628
46.0  381.53442233159643
47.0  411.29779230447895
48.0  425.08846341955183
49.0  423.5686309833534
50.0  365.85007383672763
51.0  386.7018533362187
52.0  398.532845276494
53.0  352.89469768898465
54.0  433.36628356007685
55.0  472.2310230413413
56.0  514.1114109780273
57.0  487.9559238262942
58.0  492.5295338168558
59.0  520.4809317628905
60.0  543.5754655110605
61.0  590.7942158689325
62.0  621.0882173589004
63.0  629.8588137651612
64.0  638.1350720363378
65.0  572.1865432079541
66.0  578.0254350612079
67.0  576.5199912423981
68.0  574.8156267548793
69.0  609.719022404064
70.0  616.7636960985993
71.0  658.2749445148681
72.0  586.9783755853315
73.0  547.9138413051733
74.0  502.9958592578808
75.0  343.02966489100936
76.0  344.39708841830844
77.0  387.7441286340647
78.0  403.3808554435246
79.0  378.8983346627771
80.0  383.9542831485123
81.0  359.37562313941004
82.0  358.45929513032644
83.0  331.5843199896282
84.0  328.94912858968445
85.0  349.68441914285773
86.0  359.9576813514923
87.0  349.90432010083987
88.0  296.1763085358865
89.0  267.56697913655853
90.0  213.0578657822453
91.0  320.96550835818596
92.0  363.2631966979054
93.0  381.2991741297798
94.0  352.5872372875272
95.0  442.40776361778006
96.0  404.58988378407497
97.0  400.78823516800657
98.0  357.31027297691764
99.0  415.48136564766
100.0  331.17387412454445
100.0  62.275826817540775
