1.0  24.0
2.0  28.0
3.0  21.0
4.0  31.0
5.0  30.0
6.0  25.0
7.0  19.0
8.0  13.0
9.0  14.0
10.0  17.0
11.0  20.0
12.0  26.0
13.0  24.0
14.0  37.0
15.0  20.0
16.0  10.0
17.0  11.0
18.0  12.0
19.0  12.0
20.0  15.0
21.0  27.0
22.0  29.0
23.0  15.0
24.0  15.0
25.0  19.0
26.0  22.0
27.0  30.0
28.0  6.0
29.0  4.0
30.0  18.0
31.0  19.0
32.0  23.0
33.0  24.0
34.0  24.0
35.0  26.0
36.0  28.0
37.0  28.0
38.0  28.0
39.0  28.0
40.0  28.0
41.0  28.0
42.0  27.0
43.0  29.0
44.0  27.0
45.0  29.0
46.0  28.0
47.0  27.0
48.0  26.0
49.0  24.0
50.0  23.0
51.0  22.0
52.0  21.0
53.0  21.0
54.0  19.0
55.0  23.0
56.0  22.0
57.0  23.0
58.0  23.0
59.0  22.0
60.0  21.0
61.0  17.0
62.0  21.0
63.0  22.0
64.0  25.0
65.0  30.0
66.0  31.0
67.0  29.0
68.0  29.0
69.0  29.0
70.0  30.0
71.0  28.0
72.0  29.0
73.0  29.0
74.0  28.0
75.0  28.0
76.0  27.0
77.0  27.0
78.0  29.0
79.0  29.0
80.0  29.0
81.0  28.0
82.0  24.0
83.0  23.0
84.0  23.0
85.0  21.0
86.0  20.0
87.0  21.0
88.0  22.0
89.0  20.0
90.0  20.0
91.0  20.0
92.0  21.0
93.0  19.0
94.0  17.0
95.0  16.0
96.0  16.0
97.0  17.0
98.0  16.0
99.0  16.0
100.0  13.0
100.0  2.0
